Tiempo	Error_X	Error_Y	Pos_Xd	Pos_Yd	Xdp	Ydp
0.031	0.090	-0.010	0.000	0.000	0.010	0.010
0.040	0.084	-0.011	-0.003	0.001	0.013	0.013
0.060	0.078	-0.018	-0.003	0.001	0.019	0.019
0.081	0.072	-0.024	-0.003	0.001	0.025	0.025
0.101	0.067	-0.029	-0.002	0.002	0.032	0.032
0.121	0.062	-0.034	-0.000	0.003	0.038	0.038
0.140	0.057	-0.039	0.001	0.004	0.044	0.044
0.160	0.053	-0.042	0.004	0.006	0.050	0.050
0.180	0.050	-0.046	0.007	0.008	0.057	0.057
0.201	0.047	-0.049	0.010	0.010	0.063	0.063
0.220	0.045	-0.051	0.015	0.013	0.069	0.069
0.241	0.044	-0.053	0.019	0.017	0.076	0.076
0.261	0.043	-0.054	0.025	0.020	0.082	0.082
0.281	0.042	-0.054	0.031	0.025	0.088	0.088
0.301	0.042	-0.054	0.037	0.030	0.094	0.094
0.320	0.043	-0.053	0.044	0.035	0.101	0.101
0.340	0.044	-0.052	0.052	0.041	0.107	0.107
0.361	0.045	-0.049	0.060	0.047	0.113	0.113
0.381	0.047	-0.047	0.069	0.054	0.120	0.119
0.400	0.050	-0.043	0.078	0.062	0.126	0.126
0.420	0.053	-0.039	0.088	0.070	0.132	0.132
0.440	0.056	-0.034	0.098	0.079	0.138	0.138
0.461	0.060	-0.028	0.109	0.088	0.145	0.145
0.481	0.064	-0.021	0.120	0.099	0.151	0.151
0.501	0.068	-0.014	0.131	0.109	0.157	0.157
0.521	0.072	-0.007	0.142	0.120	0.164	0.163
0.540	0.075	-0.000	0.152	0.131	0.170	0.170
0.561	0.077	0.006	0.162	0.141	0.176	0.176
0.580	0.079	0.012	0.171	0.152	0.182	0.182
0.601	0.080	0.018	0.179	0.162	0.189	0.189
0.620	0.081	0.024	0.187	0.172	0.195	0.195
0.640	0.081	0.029	0.194	0.181	0.201	0.201
0.660	0.079	0.034	0.201	0.191	0.207	0.207
0.680	0.077	0.039	0.206	0.200	0.214	0.214
0.701	0.074	0.043	0.210	0.209	0.220	0.220
0.720	0.069	0.048	0.213	0.217	0.226	0.226
0.740	0.065	0.052	0.216	0.226	0.233	0.232
0.760	0.062	0.055	0.220	0.234	0.239	0.239
0.781	0.059	0.058	0.225	0.243	0.245	0.245
0.800	0.056	0.061	0.229	0.250	0.251	0.251
0.821	0.054	0.063	0.234	0.258	0.258	0.257
0.841	0.052	0.065	0.239	0.265	0.264	0.264
0.860	0.050	0.066	0.244	0.272	0.270	0.270
0.880	0.049	0.067	0.249	0.278	0.276	0.276
0.900	0.047	0.068	0.254	0.285	0.283	0.282
0.920	0.046	0.069	0.259	0.291	0.289	0.289
0.940	0.045	0.069	0.265	0.298	0.295	0.295
0.960	0.044	0.069	0.270	0.304	0.302	0.301
0.980	0.043	0.069	0.276	0.310	0.308	0.307
1.000	0.042	0.069	0.282	0.316	0.314	0.313
1.020	0.041	0.069	0.287	0.322	0.320	0.320
1.041	0.040	0.069	0.293	0.328	0.327	0.326
1.061	0.040	0.069	0.299	0.334	0.333	0.332
1.081	0.039	0.069	0.304	0.340	0.339	0.338
1.101	0.038	0.068	0.310	0.346	0.345	0.345
1.121	0.038	0.068	0.316	0.351	0.352	0.351
1.141	0.037	0.068	0.322	0.357	0.358	0.357
1.160	0.037	0.068	0.328	0.363	0.364	0.363
1.181	0.036	0.067	0.334	0.369	0.371	0.370
1.200	0.036	0.067	0.340	0.374	0.377	0.376
1.221	0.036	0.066	0.345	0.380	0.383	0.382
1.240	0.035	0.066	0.351	0.386	0.389	0.388
1.260	0.035	0.065	0.357	0.392	0.396	0.394
1.280	0.035	0.065	0.363	0.397	0.402	0.401
1.301	0.034	0.065	0.369	0.403	0.408	0.407
1.321	0.034	0.064	0.375	0.409	0.414	0.413
1.340	0.034	0.064	0.381	0.414	0.421	0.419
1.360	0.033	0.063	0.387	0.420	0.427	0.425
1.381	0.033	0.063	0.393	0.426	0.433	0.432
1.400	0.033	0.062	0.399	0.432	0.439	0.438
1.421	0.032	0.062	0.405	0.437	0.446	0.444
1.440	0.032	0.061	0.411	0.443	0.452	0.450
1.460	0.032	0.061	0.417	0.449	0.458	0.456
1.480	0.031	0.060	0.423	0.454	0.464	0.462
1.501	0.031	0.060	0.429	0.460	0.471	0.469
1.520	0.031	0.059	0.435	0.466	0.477	0.475
1.541	0.031	0.059	0.441	0.471	0.483	0.481
1.560	0.030	0.058	0.447	0.477	0.489	0.487
1.580	0.030	0.058	0.453	0.483	0.496	0.493
1.600	0.030	0.058	0.459	0.488	0.502	0.499
1.621	0.030	0.057	0.465	0.494	0.508	0.506
1.640	0.030	0.057	0.471	0.500	0.514	0.512
1.660	0.029	0.056	0.477	0.505	0.521	0.518
1.681	0.029	0.056	0.483	0.511	0.527	0.524
1.701	0.029	0.055	0.489	0.517	0.533	0.530
1.721	0.029	0.055	0.495	0.523	0.539	0.536
1.740	0.028	0.054	0.501	0.528	0.546	0.542
1.761	0.028	0.054	0.507	0.534	0.552	0.549
1.780	0.028	0.053	0.513	0.540	0.558	0.555
1.801	0.028	0.053	0.519	0.545	0.564	0.561
1.820	0.028	0.053	0.525	0.551	0.571	0.567
1.841	0.027	0.052	0.531	0.557	0.577	0.573
1.860	0.027	0.052	0.538	0.562	0.583	0.579
1.880	0.027	0.051	0.544	0.568	0.589	0.585
1.901	0.027	0.051	0.550	0.574	0.596	0.591
1.921	0.027	0.050	0.556	0.579	0.602	0.598
1.940	0.026	0.050	0.562	0.585	0.608	0.604
1.961	0.026	0.050	0.568	0.591	0.614	0.610
1.980	0.026	0.049	0.574	0.596	0.621	0.616
2.001	0.026	0.049	0.580	0.602	0.627	0.622
2.021	0.026	0.048	0.586	0.608	0.633	0.628
2.040	0.026	0.048	0.592	0.614	0.639	0.634
2.061	0.025	0.048	0.598	0.619	0.646	0.640
2.080	0.025	0.047	0.604	0.625	0.652	0.646
2.100	0.025	0.047	0.610	0.631	0.658	0.652
2.120	0.025	0.047	0.616	0.636	0.664	0.658
2.140	0.025	0.046	0.622	0.642	0.670	0.664
2.160	0.024	0.046	0.628	0.648	0.677	0.670
2.180	0.024	0.045	0.634	0.653	0.683	0.676
2.200	0.024	0.045	0.640	0.659	0.689	0.682
2.220	0.024	0.045	0.646	0.665	0.695	0.689
2.240	0.024	0.044	0.653	0.670	0.701	0.695
2.260	0.024	0.044	0.659	0.676	0.708	0.701
2.281	0.023	0.043	0.665	0.682	0.714	0.707
2.302	0.023	0.043	0.671	0.687	0.721	0.713
2.321	0.023	0.042	0.677	0.693	0.727	0.719
2.341	0.023	0.042	0.683	0.699	0.733	0.725
2.361	0.023	0.042	0.689	0.704	0.739	0.731
2.381	0.023	0.041	0.695	0.710	0.745	0.737
2.401	0.023	0.041	0.701	0.716	0.751	0.743
2.422	0.022	0.041	0.707	0.721	0.758	0.749
2.441	0.022	0.041	0.713	0.727	0.764	0.755
2.462	0.022	0.040	0.719	0.733	0.770	0.761
2.482	0.021	0.039	0.725	0.738	0.777	0.767
2.503	0.021	0.039	0.731	0.744	0.783	0.773
2.521	0.016	0.033	0.731	0.744	0.789	0.779
2.542	0.021	0.039	0.744	0.755	0.795	0.785
2.561	0.021	0.038	0.750	0.761	0.801	0.791
2.581	0.015	0.033	0.750	0.761	0.807	0.797
2.601	0.015	0.032	0.756	0.767	0.813	0.803
2.621	0.015	0.032	0.762	0.772	0.820	0.808
2.641	0.015	0.032	0.768	0.778	0.826	0.814
2.660	0.015	0.031	0.774	0.783	0.832	0.820
2.681	0.015	0.031	0.780	0.789	0.838	0.826
2.701	0.015	0.031	0.786	0.795	0.844	0.832
2.720	0.015	0.031	0.792	0.801	0.850	0.838
2.741	0.015	0.030	0.799	0.806	0.857	0.844
2.760	0.015	0.030	0.805	0.812	0.863	0.850
2.780	0.015	0.030	0.811	0.818	0.869	0.856
2.801	0.015	0.030	0.817	0.823	0.875	0.862
2.823	0.014	0.029	0.823	0.829	0.882	0.868
2.841	0.015	0.029	0.829	0.835	0.888	0.874
2.860	0.015	0.029	0.835	0.840	0.894	0.879
2.881	0.014	0.029	0.841	0.846	0.900	0.885
2.901	0.014	0.028	0.847	0.851	0.906	0.891
2.921	0.014	0.028	0.854	0.857	0.912	0.897
2.941	0.014	0.028	0.860	0.863	0.919	0.903
2.960	0.014	0.028	0.866	0.868	0.925	0.909
2.980	0.014	0.027	0.872	0.874	0.931	0.915
3.002	0.014	0.027	0.878	0.880	0.937	0.921
3.021	0.008	0.021	0.878	0.880	0.943	0.926
3.040	0.014	0.027	0.890	0.891	0.949	0.932
3.061	0.008	0.021	0.890	0.891	0.956	0.938
3.080	0.008	0.021	0.896	0.896	0.962	0.944
3.101	0.008	0.020	0.903	0.902	0.968	0.950
3.120	0.008	0.020	0.909	0.908	0.974	0.955
3.140	0.008	0.020	0.915	0.913	0.980	0.961
3.160	0.008	0.020	0.921	0.919	0.986	0.967
3.180	0.008	0.020	0.927	0.925	0.993	0.973
3.201	0.008	0.020	0.933	0.930	0.999	0.979
3.221	0.008	0.019	0.939	0.936	1.005	0.984
3.241	0.008	0.019	0.946	0.941	1.011	0.990
3.260	0.008	0.019	0.952	0.947	1.017	0.996
3.281	0.008	0.019	0.958	0.953	1.023	1.002
3.300	0.008	0.019	0.964	0.958	1.029	1.007
3.321	0.008	0.018	0.970	0.964	1.036	1.013
3.340	0.008	0.018	0.976	0.969	1.042	1.019
3.360	0.008	0.018	0.983	0.975	1.048	1.025
3.380	0.008	0.018	0.989	0.981	1.054	1.030
3.401	0.008	0.018	0.995	0.986	1.060	1.036
3.420	0.008	0.018	1.001	0.992	1.066	1.042
3.441	0.008	0.017	1.007	0.997	1.072	1.048
3.460	0.008	0.017	1.013	1.003	1.079	1.053
3.480	0.008	0.017	1.019	1.008	1.085	1.059
3.500	0.008	0.017	1.026	1.014	1.091	1.065
3.521	0.008	0.017	1.032	1.019	1.097	1.070
3.540	0.008	0.017	1.038	1.025	1.103	1.076
3.560	0.008	0.017	1.044	1.031	1.109	1.082
3.581	0.008	0.016	1.050	1.036	1.116	1.088
3.600	0.008	0.016	1.056	1.042	1.121	1.093
3.621	0.008	0.016	1.062	1.047	1.128	1.099
3.640	0.008	0.016	1.068	1.053	1.134	1.104
3.661	0.008	0.016	1.075	1.058	1.140	1.110
3.682	0.008	0.015	1.081	1.064	1.147	1.116
3.700	0.009	0.015	1.087	1.069	1.152	1.121
3.721	0.008	0.015	1.093	1.075	1.158	1.127
3.741	0.009	0.015	1.099	1.080	1.164	1.132
3.763	0.008	0.014	1.105	1.086	1.171	1.139
3.780	0.009	0.015	1.111	1.091	1.177	1.143
3.800	0.009	0.015	1.117	1.096	1.183	1.149
3.821	0.009	0.014	1.123	1.102	1.189	1.155
3.840	0.003	0.009	1.123	1.102	1.195	1.160
3.861	0.002	0.009	1.130	1.107	1.201	1.166
3.880	0.003	0.009	1.136	1.113	1.207	1.171
3.901	0.003	0.009	1.142	1.118	1.213	1.177
3.921	0.003	0.009	1.148	1.124	1.219	1.182
3.940	0.003	0.008	1.154	1.129	1.225	1.188
3.960	0.003	0.008	1.160	1.135	1.231	1.193
3.981	0.003	0.008	1.166	1.140	1.238	1.199
4.001	0.003	0.008	1.173	1.146	1.244	1.205
4.021	0.003	0.008	1.179	1.151	1.250	1.210
4.040	0.003	0.008	1.185	1.156	1.256	1.216
4.060	0.003	0.008	1.191	1.162	1.262	1.221
4.081	0.003	0.008	1.197	1.167	1.268	1.227
4.101	0.004	0.008	1.203	1.173	1.274	1.232
4.120	0.004	0.008	1.209	1.178	1.280	1.237
4.141	0.004	0.007	1.216	1.183	1.286	1.243
4.160	0.004	0.007	1.222	1.189	1.292	1.248
4.181	0.004	0.007	1.228	1.194	1.298	1.254
4.200	0.004	0.007	1.234	1.200	1.304	1.259
4.223	0.003	0.006	1.240	1.205	1.311	1.265
4.240	0.004	0.007	1.246	1.210	1.316	1.270
4.261	0.004	0.007	1.252	1.216	1.323	1.275
4.281	0.004	0.007	1.258	1.221	1.329	1.281
4.300	0.004	0.007	1.265	1.226	1.335	1.286
4.320	0.005	0.007	1.271	1.232	1.341	1.292
4.340	0.005	0.006	1.277	1.237	1.347	1.297
4.360	0.005	0.006	1.283	1.242	1.353	1.302
4.381	0.005	0.006	1.289	1.247	1.359	1.308
4.401	0.005	0.006	1.295	1.253	1.365	1.313
4.421	0.005	0.006	1.301	1.258	1.371	1.318
4.442	0.005	0.006	1.307	1.263	1.377	1.324
4.461	0.005	0.006	1.313	1.269	1.383	1.329
4.480	0.005	0.006	1.319	1.274	1.389	1.334
4.502	0.005	0.005	1.325	1.279	1.396	1.340
4.521	0.005	0.005	1.331	1.284	1.401	1.345
4.541	0.005	0.005	1.338	1.290	1.407	1.351
4.560	-0.001	0.000	1.338	1.290	1.413	1.356
4.580	0.005	0.005	1.350	1.300	1.419	1.361
4.600	0.006	0.005	1.356	1.305	1.425	1.366
4.623	0.005	0.005	1.362	1.310	1.432	1.372
4.641	0.006	0.005	1.368	1.316	1.437	1.377
4.661	-0.001	-0.000	1.368	1.316	1.444	1.382
4.681	0.006	0.005	1.380	1.326	1.449	1.387
4.700	-0.000	-0.000	1.380	1.326	1.455	1.392
4.720	0.000	-0.000	1.386	1.331	1.461	1.398
4.741	0.000	-0.000	1.392	1.336	1.467	1.403
4.761	-0.000	-0.001	1.398	1.342	1.474	1.408
4.781	0.000	-0.001	1.404	1.347	1.480	1.413
4.801	0.000	-0.001	1.411	1.352	1.485	1.418
4.820	0.001	-0.001	1.417	1.357	1.491	1.423
4.840	0.001	-0.001	1.423	1.362	1.497	1.429
4.861	0.001	-0.001	1.429	1.367	1.504	1.434
4.881	0.001	-0.001	1.435	1.372	1.509	1.439
4.901	0.001	-0.001	1.441	1.378	1.515	1.444
4.921	0.001	-0.001	1.447	1.383	1.521	1.449
4.940	0.001	-0.001	1.453	1.388	1.527	1.454
4.961	0.001	-0.001	1.459	1.393	1.533	1.459
4.980	0.002	-0.001	1.465	1.398	1.539	1.464
5.000	0.002	-0.001	1.471	1.403	1.545	1.470
5.021	0.002	-0.001	1.477	1.408	1.551	1.475
5.040	0.002	-0.001	1.483	1.413	1.557	1.480
5.061	0.002	-0.001	1.489	1.418	1.563	1.485
5.081	0.002	-0.001	1.496	1.423	1.569	1.490
5.101	0.002	-0.001	1.502	1.428	1.575	1.495
5.121	0.002	-0.001	1.508	1.433	1.581	1.500
5.141	0.002	-0.001	1.514	1.438	1.587	1.505
5.161	0.003	-0.001	1.520	1.443	1.593	1.510
5.181	0.003	-0.001	1.526	1.448	1.599	1.515
5.201	0.003	-0.001	1.532	1.453	1.605	1.520
5.221	0.003	-0.002	1.538	1.458	1.611	1.525
5.241	0.003	-0.002	1.544	1.463	1.617	1.530
5.262	0.003	-0.002	1.550	1.468	1.623	1.535
5.281	0.003	-0.002	1.556	1.473	1.629	1.540
5.300	0.004	-0.002	1.562	1.478	1.635	1.545
5.321	0.003	-0.002	1.568	1.483	1.641	1.550
5.341	0.004	-0.002	1.574	1.488	1.646	1.555
5.361	0.004	-0.002	1.580	1.493	1.652	1.560
5.380	0.004	-0.002	1.586	1.498	1.658	1.564
5.400	0.004	-0.002	1.592	1.503	1.664	1.569
5.420	0.004	-0.002	1.598	1.508	1.670	1.574
5.440	0.004	-0.002	1.604	1.513	1.676	1.579
5.461	0.004	-0.002	1.610	1.517	1.682	1.584
5.481	0.004	-0.002	1.616	1.522	1.688	1.589
5.502	-0.002	-0.007	1.616	1.522	1.694	1.594
5.523	-0.002	-0.008	1.622	1.527	1.701	1.599
5.540	-0.001	-0.007	1.628	1.532	1.706	1.603
5.562	-0.002	-0.008	1.634	1.537	1.712	1.609
5.581	-0.001	-0.007	1.640	1.542	1.717	1.613
5.601	-0.001	-0.007	1.646	1.546	1.723	1.618
5.621	0.005	-0.002	1.658	1.556	1.729	1.623
5.641	0.006	-0.003	1.664	1.561	1.735	1.627
5.662	0.005	-0.003	1.670	1.566	1.741	1.632
5.680	0.006	-0.003	1.676	1.570	1.747	1.637
5.701	0.006	-0.003	1.682	1.575	1.753	1.642
5.722	0.006	-0.003	1.688	1.580	1.759	1.647
5.740	0.006	-0.003	1.694	1.584	1.765	1.651
5.761	0.006	-0.003	1.700	1.589	1.771	1.656
5.780	0.006	-0.003	1.706	1.594	1.776	1.660
5.800	0.006	-0.003	1.711	1.599	1.782	1.665
5.821	0.006	-0.003	1.717	1.603	1.788	1.670
5.840	0.001	-0.008	1.717	1.603	1.794	1.674
5.861	0.007	-0.003	1.729	1.613	1.800	1.679
5.881	0.001	-0.008	1.729	1.613	1.806	1.684
5.900	0.001	-0.008	1.735	1.617	1.812	1.688
5.920	0.001	-0.008	1.741	1.622	1.817	1.693
5.941	0.001	-0.008	1.747	1.627	1.823	1.698
5.961	0.001	-0.008	1.753	1.631	1.829	1.702
5.982	0.007	-0.003	1.765	1.641	1.835	1.707
6.000	0.002	-0.008	1.765	1.641	1.841	1.711
6.020	0.002	-0.008	1.771	1.645	1.847	1.716
6.041	0.002	-0.008	1.777	1.650	1.852	1.721
6.061	0.002	-0.008	1.783	1.654	1.858	1.725
6.080	0.002	-0.008	1.789	1.659	1.864	1.730
6.101	0.002	-0.008	1.795	1.663	1.870	1.734
6.121	0.003	-0.008	1.801	1.668	1.876	1.739
6.141	0.003	-0.008	1.806	1.672	1.882	1.743
6.161	0.003	-0.008	1.812	1.677	1.888	1.748
6.180	0.003	-0.008	1.818	1.682	1.893	1.752
6.200	0.003	-0.008	1.824	1.686	1.899	1.757
6.220	0.003	-0.008	1.830	1.691	1.905	1.761
6.240	0.003	-0.008	1.836	1.695	1.911	1.766
6.261	0.004	-0.008	1.842	1.699	1.916	1.770
6.280	0.004	-0.008	1.848	1.704	1.922	1.775
6.301	0.004	-0.008	1.854	1.708	1.928	1.779
6.321	0.004	-0.008	1.860	1.713	1.934	1.783
6.341	0.004	-0.008	1.865	1.717	1.940	1.788
6.361	0.004	-0.009	1.871	1.722	1.946	1.792
6.380	0.004	-0.008	1.877	1.726	1.951	1.797
6.400	0.005	-0.008	1.883	1.730	1.957	1.801
6.421	0.004	-0.009	1.889	1.735	1.963	1.805
6.440	0.005	-0.009	1.895	1.739	1.969	1.810
6.461	0.005	-0.009	1.901	1.744	1.974	1.814
6.481	0.005	-0.009	1.906	1.748	1.980	1.818
6.500	0.005	-0.009	1.912	1.752	1.986	1.823
6.520	0.005	-0.009	1.918	1.757	1.992	1.827
6.540	0.005	-0.009	1.924	1.761	1.997	1.831
6.561	0.005	-0.009	1.930	1.765	2.003	1.835
6.581	0.006	-0.009	1.936	1.769	2.009	1.840
6.601	0.005	-0.009	1.941	1.774	2.015	1.844
6.620	0.006	-0.009	1.947	1.778	2.020	1.848
6.640	0.006	-0.009	1.953	1.782	2.026	1.852
6.661	0.006	-0.009	1.959	1.787	2.032	1.857
6.680	0.006	-0.009	1.965	1.791	2.038	1.861
6.700	0.006	-0.009	1.970	1.795	2.043	1.865
6.721	0.006	-0.009	1.976	1.799	2.049	1.869
6.741	0.007	-0.009	1.982	1.803	2.055	1.873
6.761	0.007	-0.009	1.988	1.808	2.061	1.877
6.780	0.007	-0.009	1.994	1.812	2.066	1.882
6.802	0.006	-0.010	1.999	1.816	2.072	1.886
6.820	0.007	-0.009	2.005	1.820	2.078	1.890
6.841	0.007	-0.009	2.011	1.824	2.084	1.894
6.860	0.007	-0.009	2.017	1.828	2.089	1.898
6.880	0.007	-0.009	2.023	1.832	2.095	1.902
6.901	0.007	-0.010	2.028	1.836	2.101	1.906
6.920	0.008	-0.010	2.034	1.841	2.106	1.910
6.942	0.007	-0.010	2.040	1.845	2.112	1.915
6.961	0.008	-0.010	2.046	1.849	2.118	1.918
6.981	0.008	-0.010	2.051	1.853	2.124	1.922
7.000	0.002	-0.014	2.051	1.853	2.129	1.926
7.021	0.002	-0.014	2.057	1.857	2.135	1.930
7.040	0.002	-0.014	2.063	1.861	2.140	1.934
7.061	0.003	-0.014	2.069	1.865	2.146	1.938
7.080	0.003	-0.014	2.074	1.869	2.152	1.942
7.104	0.008	-0.011	2.086	1.877	2.158	1.947
7.120	0.009	-0.010	2.092	1.881	2.163	1.950
7.140	0.009	-0.010	2.097	1.885	2.169	1.954
7.161	0.009	-0.010	2.103	1.889	2.174	1.958
7.181	0.009	-0.010	2.109	1.892	2.180	1.962
7.200	0.009	-0.010	2.115	1.896	2.186	1.966
7.221	0.009	-0.011	2.120	1.900	2.192	1.970
7.243	0.009	-0.011	2.126	1.904	2.198	1.974
7.261	0.004	-0.014	2.126	1.904	2.203	1.977
7.280	0.004	-0.014	2.132	1.908	2.208	1.981
7.301	0.010	-0.011	2.143	1.916	2.214	1.985
7.320	0.004	-0.015	2.143	1.916	2.220	1.989
7.340	0.005	-0.015	2.149	1.919	2.225	1.993
7.360	0.005	-0.015	2.154	1.923	2.231	1.996
7.381	0.005	-0.015	2.160	1.927	2.237	2.000
7.400	0.005	-0.015	2.166	1.931	2.242	2.004
7.420	0.005	-0.015	2.172	1.935	2.248	2.008
7.440	0.005	-0.015	2.177	1.938	2.253	2.011
7.460	0.005	-0.015	2.183	1.942	2.259	2.015
7.480	0.006	-0.015	2.189	1.946	2.264	2.019
7.501	0.006	-0.015	2.194	1.950	2.270	2.023
7.520	0.006	-0.015	2.200	1.953	2.276	2.026
7.541	0.006	-0.015	2.206	1.957	2.281	2.030
7.560	0.006	-0.015	2.211	1.961	2.287	2.034
7.581	0.006	-0.015	2.217	1.964	2.292	2.037
7.601	0.006	-0.015	2.223	1.968	2.298	2.041
7.621	0.006	-0.015	2.228	1.972	2.304	2.045
7.642	0.006	-0.016	2.234	1.975	2.310	2.048
7.660	0.007	-0.015	2.240	1.979	2.315	2.052
7.680	0.007	-0.016	2.245	1.983	2.320	2.055
7.700	0.007	-0.016	2.251	1.986	2.326	2.059
7.720	0.007	-0.016	2.256	1.990	2.331	2.062
7.741	0.007	-0.016	2.262	1.993	2.337	2.066
7.761	0.007	-0.016	2.268	1.997	2.343	2.070
7.781	0.007	-0.016	2.273	2.001	2.348	2.073
7.801	0.008	-0.016	2.279	2.004	2.354	2.077
7.821	0.008	-0.016	2.284	2.008	2.359	2.080
7.841	0.008	-0.016	2.290	2.011	2.365	2.084
7.861	0.008	-0.016	2.296	2.015	2.370	2.087
7.881	0.008	-0.016	2.301	2.018	2.376	2.090
7.901	0.008	-0.016	2.307	2.022	2.381	2.094
7.920	0.008	-0.016	2.312	2.025	2.387	2.097
7.941	0.008	-0.016	2.318	2.028	2.392	2.101
7.960	0.009	-0.016	2.324	2.032	2.398	2.104
7.982	0.008	-0.017	2.329	2.035	2.404	2.108
8.000	0.009	-0.016	2.335	2.039	2.409	2.111
8.021	0.009	-0.017	2.340	2.042	2.414	2.114
8.042	0.009	-0.017	2.346	2.045	2.420	2.118
8.060	0.009	-0.017	2.351	2.049	2.425	2.121
8.080	0.009	-0.017	2.357	2.052	2.431	2.124
8.101	0.009	-0.017	2.362	2.056	2.436	2.128
8.120	0.010	-0.017	2.368	2.059	2.442	2.131
8.142	0.009	-0.017	2.373	2.062	2.448	2.134
8.161	0.004	-0.020	2.373	2.062	2.453	2.137
8.181	0.004	-0.020	2.379	2.065	2.458	2.141
8.202	0.010	-0.017	2.390	2.072	2.464	2.144
8.221	0.004	-0.020	2.390	2.072	2.469	2.147
8.245	0.003	-0.021	2.396	2.075	2.476	2.151
8.260	0.005	-0.021	2.401	2.078	2.480	2.154
8.282	0.005	-0.021	2.407	2.082	2.486	2.157
8.300	0.005	-0.021	2.412	2.085	2.491	2.160
8.320	0.005	-0.021	2.418	2.088	2.496	2.163
8.342	0.011	-0.018	2.429	2.095	2.502	2.166
8.360	0.006	-0.021	2.429	2.095	2.507	2.169
8.381	0.006	-0.021	2.435	2.098	2.513	2.173
8.400	0.006	-0.021	2.440	2.101	2.518	2.176
8.420	0.006	-0.021	2.446	2.104	2.524	2.179
8.442	0.012	-0.018	2.457	2.110	2.529	2.182
8.460	0.007	-0.021	2.457	2.110	2.535	2.185
8.480	0.007	-0.021	2.462	2.113	2.540	2.188
8.500	0.007	-0.021	2.468	2.116	2.545	2.191
8.521	0.007	-0.021	2.473	2.119	2.551	2.194
8.541	0.007	-0.021	2.478	2.123	2.556	2.197
8.561	0.007	-0.022	2.484	2.126	2.562	2.200
8.581	0.007	-0.021	2.489	2.129	2.567	2.203
8.601	0.008	-0.022	2.495	2.132	2.572	2.206
8.621	0.008	-0.022	2.500	2.135	2.578	2.209
8.641	0.008	-0.022	2.506	2.138	2.583	2.212
8.662	0.007	-0.022	2.511	2.141	2.589	2.215
8.681	0.008	-0.022	2.517	2.144	2.594	2.218
8.702	0.008	-0.022	2.522	2.146	2.600	2.221
8.721	0.008	-0.022	2.528	2.149	2.605	2.223
8.741	0.008	-0.022	2.533	2.152	2.610	2.226
8.761	0.008	-0.022	2.538	2.155	2.615	2.229
8.782	0.008	-0.022	2.544	2.158	2.621	2.232
8.801	0.009	-0.022	2.549	2.161	2.626	2.235
8.821	0.009	-0.022	2.555	2.164	2.631	2.238
8.840	0.009	-0.022	2.560	2.167	2.637	2.240
8.861	0.009	-0.023	2.565	2.169	2.642	2.243
8.881	0.004	-0.025	2.565	2.169	2.648	2.246
8.900	0.004	-0.025	2.571	2.172	2.653	2.249
8.920	0.004	-0.025	2.576	2.175	2.658	2.251
8.940	0.004	-0.025	2.582	2.178	2.663	2.254
8.961	0.010	-0.023	2.592	2.183	2.669	2.257
8.980	0.010	-0.023	2.598	2.186	2.674	2.259
9.000	0.005	-0.026	2.598	2.186	2.679	2.262
9.021	0.005	-0.026	2.603	2.189	2.685	2.265
9.041	0.005	-0.026	2.609	2.192	2.690	2.267
9.061	0.005	-0.026	2.614	2.194	2.695	2.270
9.080	0.006	-0.026	2.619	2.197	2.700	2.273
9.100	0.006	-0.026	2.625	2.200	2.706	2.275
9.121	0.006	-0.026	2.630	2.202	2.711	2.278
9.141	0.006	-0.026	2.635	2.205	2.716	2.281
9.161	0.006	-0.026	2.641	2.207	2.722	2.283
9.181	0.006	-0.026	2.646	2.210	2.727	2.286
9.201	0.007	-0.026	2.652	2.213	2.732	2.288
9.220	0.007	-0.026	2.657	2.215	2.737	2.291
9.242	0.012	-0.024	2.668	2.220	2.743	2.293
9.260	0.007	-0.027	2.668	2.220	2.748	2.296
9.281	0.012	-0.024	2.678	2.226	2.753	2.298
9.302	0.012	-0.024	2.683	2.228	2.759	2.301
9.322	0.012	-0.025	2.689	2.231	2.764	2.303
9.340	0.008	-0.027	2.689	2.231	2.769	2.306
9.361	0.008	-0.027	2.694	2.233	2.774	2.308
9.380	0.008	-0.027	2.699	2.235	2.779	2.310
9.401	0.008	-0.027	2.705	2.238	2.785	2.313
9.423	0.008	-0.027	2.710	2.240	2.790	2.315
9.440	0.008	-0.027	2.715	2.243	2.795	2.317
9.461	0.008	-0.027	2.720	2.245	2.800	2.320
9.480	0.009	-0.027	2.726	2.248	2.805	2.322
9.500	0.009	-0.027	2.731	2.250	2.811	2.324
9.521	0.009	-0.028	2.736	2.252	2.816	2.327
9.541	0.009	-0.028	2.741	2.255	2.821	2.329
9.562	0.009	-0.028	2.747	2.257	2.826	2.332
9.580	0.009	-0.028	2.752	2.259	2.831	2.334
9.600	0.009	-0.028	2.757	2.262	2.836	2.336
9.621	0.009	-0.028	2.762	2.264	2.842	2.338
9.640	0.010	-0.028	2.768	2.266	2.847	2.340
9.661	0.010	-0.028	2.773	2.268	2.852	2.343
9.681	0.010	-0.028	2.778	2.271	2.857	2.345
9.700	0.010	-0.028	2.783	2.273	2.862	2.347
9.720	0.010	-0.029	2.788	2.275	2.867	2.349
9.740	0.010	-0.029	2.794	2.277	2.873	2.351
9.761	0.010	-0.029	2.799	2.279	2.878	2.353
9.781	0.010	-0.029	2.804	2.282	2.883	2.355
9.800	0.011	-0.029	2.809	2.284	2.888	2.358
9.822	0.010	-0.029	2.814	2.286	2.893	2.360
9.842	0.010	-0.029	2.820	2.288	2.899	2.362
9.860	0.006	-0.031	2.820	2.288	2.903	2.364
9.882	0.006	-0.031	2.825	2.290	2.909	2.366
9.901	0.006	-0.031	2.830	2.292	2.914	2.368
9.920	0.006	-0.031	2.835	2.294	2.919	2.370
9.941	0.006	-0.032	2.840	2.296	2.924	2.372
9.961	0.007	-0.032	2.846	2.298	2.929	2.374
9.983	0.006	-0.032	2.851	2.300	2.935	2.376
10.001	0.007	-0.032	2.856	2.302	2.939	2.378
10.020	0.007	-0.032	2.861	2.304	2.944	2.380
10.041	0.007	-0.032	2.866	2.306	2.949	2.382
10.061	0.007	-0.032	2.871	2.308	2.954	2.383
10.080	0.008	-0.032	2.877	2.310	2.959	2.385
10.100	0.008	-0.032	2.882	2.312	2.964	2.387
10.121	0.008	-0.033	2.887	2.314	2.970	2.389
10.141	0.008	-0.033	2.892	2.316	2.975	2.391
10.161	0.008	-0.033	2.897	2.318	2.980	2.393
10.181	0.008	-0.033	2.902	2.320	2.985	2.395
10.200	0.008	-0.033	2.907	2.322	2.990	2.396
10.222	0.008	-0.033	2.912	2.324	2.995	2.398
10.240	0.009	-0.033	2.917	2.325	3.000	2.400
10.260	0.009	-0.033	2.923	2.327	3.005	2.402
10.281	0.009	-0.033	2.928	2.329	3.010	2.403
10.300	0.009	-0.033	2.933	2.331	3.015	2.405
10.320	0.009	-0.034	2.938	2.333	3.020	2.407
10.340	0.009	-0.034	2.943	2.334	3.025	2.409
10.360	0.010	-0.034	2.948	2.336	3.030	2.410
10.380	0.010	-0.034	2.953	2.338	3.035	2.412
10.401	0.010	-0.034	2.958	2.339	3.040	2.414
10.421	0.010	-0.034	2.963	2.341	3.045	2.415
10.440	0.010	-0.034	2.968	2.343	3.050	2.417
10.461	0.010	-0.034	2.973	2.345	3.055	2.418
10.481	0.010	-0.034	2.978	2.346	3.060	2.420
10.500	0.011	-0.034	2.983	2.348	3.065	2.421
10.521	0.010	-0.035	2.988	2.349	3.070	2.423
10.540	0.011	-0.035	2.993	2.351	3.075	2.425
10.561	0.011	-0.035	2.998	2.353	3.080	2.426
10.581	0.011	-0.035	3.003	2.354	3.085	2.428
10.600	0.011	-0.035	3.008	2.356	3.089	2.429
10.620	0.011	-0.035	3.013	2.357	3.094	2.431
10.641	0.011	-0.035	3.018	2.359	3.099	2.432
10.660	0.012	-0.035	3.023	2.360	3.104	2.433
10.681	0.012	-0.036	3.028	2.362	3.109	2.435
10.700	0.012	-0.036	3.033	2.363	3.114	2.436
10.724	0.011	-0.036	3.038	2.365	3.120	2.438
10.743	0.006	-0.037	3.038	2.365	3.125	2.439
10.762	0.007	-0.037	3.043	2.366	3.129	2.441
10.781	0.007	-0.037	3.048	2.368	3.134	2.442
10.801	0.007	-0.038	3.053	2.369	3.139	2.443
10.821	0.012	-0.037	3.063	2.372	3.144	2.445
10.841	0.013	-0.037	3.068	2.373	3.149	2.446
10.861	0.013	-0.037	3.073	2.375	3.153	2.447
10.881	0.008	-0.038	3.073	2.375	3.158	2.448
10.901	0.013	-0.037	3.082	2.377	3.163	2.450
10.921	0.013	-0.037	3.087	2.378	3.168	2.451
10.941	0.008	-0.039	3.087	2.378	3.173	2.452
10.961	0.008	-0.039	3.092	2.380	3.178	2.453
10.981	0.009	-0.039	3.097	2.381	3.182	2.455
11.001	0.009	-0.039	3.102	2.382	3.187	2.456
11.022	0.014	-0.038	3.112	2.385	3.192	2.457
11.040	0.009	-0.039	3.112	2.385	3.197	2.458
11.061	0.009	-0.039	3.117	2.386	3.202	2.459
11.080	0.009	-0.039	3.122	2.387	3.207	2.460
11.101	0.009	-0.040	3.127	2.388	3.211	2.461
11.121	0.009	-0.040	3.131	2.389	3.216	2.463
11.142	0.014	-0.039	3.141	2.392	3.221	2.464
11.161	0.010	-0.040	3.141	2.392	3.226	2.465
11.180	0.010	-0.040	3.146	2.393	3.231	2.466
11.201	0.010	-0.040	3.151	2.394	3.235	2.467
11.221	0.010	-0.040	3.156	2.395	3.240	2.468
11.240	0.010	-0.041	3.160	2.396	3.245	2.469
11.261	0.010	-0.041	3.165	2.397	3.250	2.470
11.281	0.010	-0.041	3.170	2.398	3.255	2.471
11.301	0.011	-0.041	3.175	2.399	3.259	2.472
11.320	0.011	-0.041	3.180	2.400	3.264	2.473
11.341	0.011	-0.041	3.185	2.401	3.269	2.474
11.360	0.011	-0.042	3.189	2.402	3.274	2.474
11.380	0.011	-0.042	3.194	2.403	3.278	2.475
11.400	0.011	-0.042	3.199	2.404	3.283	2.476
11.421	0.011	-0.042	3.204	2.405	3.288	2.477
11.441	0.011	-0.042	3.208	2.406	3.293	2.478
11.460	0.011	-0.042	3.213	2.407	3.297	2.479
11.480	0.012	-0.042	3.218	2.408	3.302	2.480
11.500	0.012	-0.043	3.223	2.408	3.307	2.480
11.520	0.012	-0.043	3.227	2.409	3.311	2.481
11.541	0.012	-0.043	3.232	2.410	3.316	2.482
11.560	0.012	-0.043	3.237	2.411	3.321	2.483
11.580	0.012	-0.043	3.242	2.412	3.325	2.483
11.600	0.012	-0.043	3.246	2.413	3.330	2.484
11.622	0.012	-0.044	3.251	2.413	3.335	2.485
11.640	0.012	-0.044	3.256	2.414	3.340	2.485
11.660	0.012	-0.044	3.260	2.415	3.344	2.486
11.680	0.012	-0.044	3.265	2.416	3.349	2.487
11.700	0.012	-0.044	3.270	2.416	3.354	2.487
11.721	0.012	-0.044	3.274	2.417	3.358	2.488
11.741	0.012	-0.045	3.279	2.418	3.363	2.489
11.761	0.012	-0.045	3.284	2.418	3.368	2.489
11.780	0.008	-0.045	3.284	2.418	3.372	2.490
11.801	0.008	-0.045	3.288	2.419	3.377	2.490
11.820	0.008	-0.046	3.293	2.420	3.381	2.491
11.840	0.008	-0.046	3.297	2.420	3.386	2.491
11.861	0.008	-0.046	3.302	2.421	3.391	2.492
11.881	0.008	-0.046	3.307	2.421	3.395	2.492
11.902	0.008	-0.046	3.311	2.422	3.400	2.493
11.921	0.008	-0.047	3.316	2.422	3.405	2.493
11.940	0.009	-0.047	3.321	2.423	3.409	2.494
11.961	0.008	-0.047	3.325	2.423	3.414	2.494
11.981	0.009	-0.047	3.330	2.424	3.418	2.495
12.001	0.009	-0.047	3.334	2.424	3.423	2.495
12.021	0.009	-0.047	3.339	2.425	3.427	2.495
12.040	0.009	-0.048	3.344	2.425	3.432	2.496
12.061	0.009	-0.048	3.348	2.426	3.437	2.496
12.081	0.009	-0.048	3.353	2.426	3.441	2.497
12.100	0.009	-0.048	3.357	2.426	3.446	2.497
12.121	0.009	-0.048	3.362	2.427	3.450	2.497
12.140	0.009	-0.049	3.366	2.427	3.455	2.497
12.161	0.009	-0.049	3.371	2.428	3.459	2.498
12.180	0.009	-0.049	3.376	2.428	3.464	2.498
12.201	0.009	-0.049	3.380	2.428	3.469	2.498
12.220	0.010	-0.049	3.385	2.429	3.473	2.498
12.240	0.010	-0.049	3.389	2.429	3.477	2.499
12.261	0.010	-0.050	3.394	2.429	3.482	2.499
12.281	0.010	-0.050	3.398	2.429	3.486	2.499
12.302	0.009	-0.050	3.403	2.430	3.491	2.499
12.321	0.010	-0.050	3.407	2.430	3.495	2.499
12.342	0.009	-0.050	3.411	2.430	3.500	2.500
12.361	0.010	-0.051	3.416	2.430	3.504	2.500
12.380	0.010	-0.051	3.420	2.430	3.509	2.500
12.400	0.010	-0.051	3.425	2.430	3.513	2.500
12.421	0.010	-0.051	3.429	2.431	3.518	2.500
12.440	0.010	-0.052	3.434	2.431	3.522	2.500
12.460	0.010	-0.052	3.438	2.431	3.527	2.500
12.480	0.010	-0.052	3.442	2.431	3.531	2.500
12.500	0.010	-0.052	3.447	2.431	3.536	2.500
12.520	0.010	-0.053	3.451	2.431	3.540	2.500
12.541	0.009	-0.053	3.455	2.431	3.545	2.500
12.560	0.005	-0.053	3.455	2.431	3.549	2.500
12.581	0.010	-0.053	3.464	2.431	3.553	2.500
12.601	0.010	-0.053	3.469	2.431	3.558	2.500
12.621	0.010	-0.054	3.473	2.431	3.562	2.500
12.640	0.010	-0.054	3.477	2.431	3.567	2.500
12.660	0.010	-0.054	3.482	2.431	3.571	2.499
12.680	0.010	-0.054	3.486	2.431	3.575	2.499
12.700	0.010	-0.054	3.490	2.431	3.580	2.499
12.721	0.010	-0.054	3.495	2.431	3.584	2.499
12.740	0.010	-0.055	3.499	2.431	3.589	2.499
12.761	0.010	-0.055	3.503	2.431	3.593	2.499
12.780	0.010	-0.055	3.508	2.431	3.597	2.498
12.801	0.010	-0.055	3.512	2.430	3.602	2.498
12.820	0.010	-0.055	3.516	2.430	3.606	2.498
12.840	0.010	-0.056	3.521	2.430	3.610	2.498
12.861	0.009	-0.056	3.525	2.430	3.615	2.497
12.882	0.005	-0.055	3.525	2.430	3.619	2.497
12.901	0.005	-0.056	3.529	2.430	3.623	2.497
12.920	0.005	-0.056	3.534	2.429	3.628	2.497
12.940	0.005	-0.056	3.538	2.429	3.632	2.496
12.961	0.005	-0.056	3.542	2.429	3.636	2.496
12.981	0.005	-0.057	3.546	2.429	3.641	2.495
13.001	0.005	-0.057	3.551	2.428	3.645	2.495
13.020	0.005	-0.057	3.555	2.428	3.649	2.495
13.041	0.005	-0.057	3.559	2.428	3.654	2.494
13.060	0.005	-0.058	3.564	2.427	3.658	2.494
13.080	0.005	-0.058	3.568	2.427	3.662	2.493
13.101	0.005	-0.058	3.572	2.426	3.666	2.493
13.120	0.005	-0.058	3.576	2.426	3.671	2.492
13.141	0.005	-0.058	3.581	2.426	3.675	2.492
13.161	0.005	-0.059	3.585	2.425	3.679	2.491
13.180	0.005	-0.059	3.589	2.425	3.683	2.491
13.201	0.005	-0.059	3.593	2.424	3.688	2.490
13.220	0.005	-0.059	3.597	2.424	3.692	2.490
13.241	0.005	-0.060	3.602	2.423	3.696	2.489
13.260	0.005	-0.060	3.606	2.423	3.700	2.489
13.280	0.005	-0.060	3.610	2.422	3.705	2.488
13.301	0.005	-0.060	3.614	2.422	3.709	2.487
13.320	0.005	-0.060	3.618	2.421	3.713	2.487
13.340	0.005	-0.061	3.623	2.421	3.717	2.486
13.361	0.005	-0.061	3.627	2.420	3.721	2.485
13.380	0.005	-0.061	3.631	2.420	3.726	2.485
13.401	0.005	-0.061	3.635	2.419	3.730	2.484
13.420	0.005	-0.061	3.639	2.418	3.734	2.483
13.441	0.005	-0.062	3.643	2.418	3.738	2.483
13.460	0.005	-0.062	3.647	2.417	3.742	2.482
13.480	0.005	-0.062	3.652	2.417	3.746	2.481
13.501	0.005	-0.062	3.656	2.416	3.751	2.480
13.521	0.005	-0.062	3.660	2.415	3.755	2.479
13.540	0.005	-0.063	3.664	2.415	3.759	2.479
13.560	0.005	-0.063	3.668	2.414	3.763	2.478
13.581	0.005	-0.063	3.672	2.413	3.767	2.477
13.600	0.005	-0.063	3.676	2.412	3.771	2.476
13.621	0.005	-0.063	3.680	2.412	3.776	2.475
13.642	0.004	-0.064	3.684	2.411	3.780	2.474
13.660	0.005	-0.064	3.688	2.410	3.784	2.473
13.682	0.004	-0.064	3.692	2.409	3.788	2.472
13.700	0.005	-0.064	3.696	2.408	3.792	2.472
13.722	0.004	-0.064	3.700	2.408	3.796	2.471
13.741	0.004	-0.065	3.704	2.407	3.800	2.470
13.761	0.000	-0.064	3.704	2.407	3.804	2.469
13.781	0.000	-0.064	3.709	2.406	3.808	2.468
13.800	0.000	-0.064	3.713	2.405	3.812	2.467
13.821	0.000	-0.064	3.717	2.404	3.816	2.466
13.841	0.000	-0.065	3.721	2.403	3.820	2.465
13.861	0.000	-0.065	3.725	2.402	3.825	2.464
13.880	0.000	-0.065	3.729	2.401	3.829	2.462
13.900	0.000	-0.065	3.733	2.400	3.833	2.461
13.920	0.000	-0.066	3.737	2.399	3.837	2.460
13.941	-0.000	-0.066	3.741	2.398	3.841	2.459
13.960	-0.000	-0.066	3.745	2.397	3.845	2.458
13.982	-0.000	-0.066	3.749	2.396	3.849	2.457
14.001	-0.000	-0.067	3.753	2.395	3.853	2.456
14.021	-0.000	-0.067	3.757	2.394	3.857	2.454
14.041	-0.000	-0.067	3.761	2.393	3.861	2.453
14.060	-0.000	-0.067	3.765	2.392	3.865	2.452
14.081	-0.000	-0.067	3.769	2.391	3.869	2.451
14.100	-0.000	-0.068	3.773	2.390	3.873	2.450
14.120	-0.000	-0.068	3.776	2.388	3.877	2.448
14.141	-0.001	-0.068	3.780	2.387	3.881	2.447
14.161	-0.001	-0.068	3.784	2.386	3.885	2.446
14.181	-0.001	-0.068	3.788	2.385	3.889	2.444
14.200	-0.001	-0.069	3.792	2.384	3.892	2.443
14.223	-0.001	-0.069	3.796	2.383	3.897	2.442
14.240	-0.001	-0.069	3.800	2.381	3.900	2.440
14.261	-0.001	-0.069	3.804	2.380	3.904	2.439
14.281	-0.001	-0.069	3.808	2.379	3.908	2.438
14.300	-0.001	-0.070	3.812	2.378	3.912	2.436
14.320	-0.001	-0.070	3.816	2.376	3.916	2.435
14.341	-0.001	-0.070	3.819	2.375	3.920	2.433
14.360	-0.001	-0.070	3.823	2.374	3.924	2.432
14.381	-0.001	-0.070	3.827	2.372	3.928	2.431
14.400	-0.001	-0.071	3.831	2.371	3.931	2.429
14.421	-0.002	-0.071	3.835	2.370	3.935	2.428
14.440	-0.002	-0.071	3.839	2.368	3.939	2.426
14.460	-0.002	-0.071	3.842	2.367	3.943	2.425
14.484	-0.002	-0.071	3.846	2.366	3.948	2.423
14.501	-0.006	-0.070	3.846	2.366	3.951	2.421
14.523	-0.006	-0.070	3.850	2.364	3.955	2.420
14.541	-0.006	-0.070	3.854	2.363	3.959	2.418
14.561	-0.006	-0.071	3.858	2.361	3.962	2.417
14.580	-0.006	-0.071	3.861	2.360	3.966	2.415
14.600	-0.006	-0.071	3.865	2.358	3.970	2.413
14.621	-0.007	-0.071	3.869	2.357	3.974	2.412
14.641	-0.007	-0.072	3.872	2.355	3.978	2.410
14.661	-0.007	-0.072	3.876	2.354	3.982	2.408
14.681	-0.007	-0.072	3.880	2.352	3.985	2.407
14.700	-0.007	-0.072	3.884	2.350	3.989	2.405
14.721	-0.007	-0.073	3.887	2.349	3.993	2.403
14.741	-0.004	-0.075	3.895	2.346	3.997	2.401
14.760	-0.008	-0.073	3.895	2.346	4.000	2.400
14.781	-0.008	-0.073	3.898	2.344	4.004	2.398
14.801	-0.008	-0.074	3.902	2.342	4.008	2.396
14.820	-0.008	-0.074	3.905	2.341	4.012	2.394
14.841	-0.008	-0.074	3.909	2.339	4.015	2.393
14.860	-0.009	-0.074	3.913	2.337	4.019	2.391
14.881	-0.009	-0.074	3.916	2.336	4.023	2.389
14.901	-0.009	-0.075	3.920	2.334	4.027	2.387
14.921	-0.009	-0.075	3.924	2.332	4.030	2.385
14.940	-0.009	-0.075	3.927	2.331	4.034	2.383
14.961	-0.010	-0.075	3.931	2.329	4.038	2.381
14.981	-0.010	-0.075	3.934	2.327	4.042	2.380
15.000	-0.010	-0.075	3.938	2.325	4.045	2.378
15.020	-0.010	-0.076	3.942	2.324	4.049	2.376
15.041	-0.010	-0.076	3.945	2.322	4.053	2.374
15.060	-0.011	-0.076	3.949	2.320	4.056	2.372
15.081	-0.011	-0.076	3.952	2.318	4.060	2.370
15.100	-0.011	-0.076	3.956	2.316	4.064	2.368
15.123	-0.012	-0.076	3.959	2.315	4.068	2.365
15.141	-0.011	-0.077	3.963	2.313	4.071	2.364
15.161	-0.012	-0.077	3.966	2.311	4.075	2.362
15.181	-0.012	-0.077	3.970	2.309	4.078	2.359
15.200	-0.012	-0.077	3.974	2.307	4.082	2.357
15.222	-0.012	-0.077	3.977	2.305	4.086	2.355
15.241	-0.012	-0.077	3.981	2.303	4.089	2.353
15.262	-0.013	-0.077	3.984	2.301	4.093	2.351
15.281	-0.013	-0.078	3.987	2.299	4.096	2.349
15.301	-0.013	-0.078	3.991	2.298	4.100	2.347
15.320	-0.013	-0.078	3.994	2.296	4.103	2.345
15.341	-0.014	-0.078	3.998	2.294	4.107	2.342
15.361	-0.014	-0.078	4.001	2.292	4.111	2.340
15.381	-0.014	-0.078	4.005	2.290	4.114	2.338
15.400	-0.014	-0.079	4.008	2.288	4.118	2.336
15.421	-0.015	-0.079	4.012	2.286	4.121	2.333
15.441	-0.015	-0.079	4.015	2.284	4.125	2.331
15.460	-0.015	-0.079	4.018	2.282	4.128	2.329
15.481	-0.015	-0.079	4.022	2.279	4.132	2.327
15.500	-0.016	-0.079	4.025	2.277	4.135	2.324
15.521	-0.016	-0.079	4.029	2.275	4.139	2.322
15.541	-0.016	-0.079	4.032	2.273	4.143	2.320
15.560	-0.016	-0.079	4.035	2.271	4.146	2.317
15.581	-0.017	-0.080	4.039	2.269	4.150	2.315
15.600	-0.017	-0.080	4.042	2.267	4.153	2.313
15.620	-0.017	-0.080	4.046	2.265	4.157	2.310
15.641	-0.017	-0.080	4.049	2.263	4.160	2.308
15.661	-0.021	-0.077	4.049	2.263	4.164	2.305
15.682	-0.018	-0.080	4.056	2.258	4.167	2.303
15.701	-0.021	-0.077	4.056	2.258	4.170	2.301
15.720	-0.021	-0.078	4.059	2.256	4.174	2.298
15.740	-0.022	-0.078	4.062	2.254	4.177	2.296
15.760	-0.022	-0.078	4.066	2.251	4.181	2.293
15.780	-0.022	-0.078	4.069	2.249	4.184	2.291
15.801	-0.022	-0.078	4.072	2.247	4.188	2.288
15.821	-0.023	-0.078	4.076	2.244	4.191	2.285
15.840	-0.023	-0.079	4.079	2.242	4.195	2.283
15.861	-0.023	-0.079	4.082	2.240	4.198	2.280
15.880	-0.023	-0.079	4.086	2.237	4.201	2.278
15.901	-0.023	-0.079	4.089	2.235	4.205	2.275
15.923	-0.024	-0.079	4.092	2.233	4.209	2.272
15.941	-0.024	-0.079	4.096	2.230	4.212	2.270
15.963	-0.024	-0.079	4.099	2.228	4.215	2.267
15.981	-0.024	-0.079	4.102	2.226	4.218	2.265
16.000	-0.025	-0.079	4.106	2.223	4.222	2.262
16.020	-0.025	-0.079	4.109	2.221	4.225	2.259
16.040	-0.025	-0.079	4.112	2.218	4.228	2.257
16.060	-0.025	-0.080	4.116	2.216	4.232	2.254
16.080	-0.025	-0.080	4.119	2.213	4.235	2.251
16.101	-0.026	-0.080	4.122	2.211	4.239	2.248
16.121	-0.026	-0.080	4.125	2.208	4.242	2.246
16.140	-0.026	-0.080	4.129	2.206	4.245	2.243
16.160	-0.026	-0.080	4.132	2.203	4.248	2.240
16.181	-0.026	-0.080	4.135	2.201	4.252	2.237
16.201	-0.027	-0.080	4.138	2.198	4.255	2.235
16.220	-0.027	-0.080	4.142	2.196	4.258	2.232
16.240	-0.027	-0.080	4.145	2.193	4.262	2.229
16.261	-0.027	-0.080	4.148	2.191	4.265	2.226
16.280	-0.027	-0.080	4.151	2.188	4.268	2.223
16.301	-0.028	-0.080	4.155	2.185	4.272	2.220
16.320	-0.028	-0.080	4.158	2.183	4.275	2.217
16.340	-0.028	-0.080	4.161	2.180	4.278	2.214
16.361	-0.028	-0.080	4.164	2.178	4.281	2.211
16.380	-0.029	-0.080	4.167	2.175	4.284	2.209
16.400	-0.029	-0.080	4.171	2.172	4.288	2.206
16.421	-0.029	-0.080	4.174	2.170	4.291	2.203
16.440	-0.029	-0.080	4.177	2.167	4.294	2.200
16.462	-0.030	-0.080	4.180	2.164	4.298	2.196
16.481	-0.030	-0.080	4.183	2.162	4.301	2.194
16.501	-0.030	-0.080	4.186	2.159	4.304	2.191
16.520	-0.030	-0.080	4.190	2.156	4.307	2.188
16.540	-0.030	-0.080	4.193	2.153	4.310	2.185
16.560	-0.031	-0.080	4.196	2.151	4.313	2.182
16.581	-0.034	-0.077	4.196	2.151	4.317	2.178
16.601	-0.031	-0.080	4.202	2.145	4.320	2.175
16.620	-0.034	-0.077	4.202	2.145	4.323	2.172
16.640	-0.034	-0.077	4.205	2.142	4.326	2.169
16.661	-0.032	-0.080	4.211	2.137	4.329	2.166
16.680	-0.035	-0.077	4.211	2.137	4.332	2.163
16.700	-0.035	-0.077	4.214	2.134	4.335	2.160
16.721	-0.035	-0.077	4.218	2.131	4.339	2.156
16.741	-0.036	-0.077	4.221	2.128	4.342	2.153
16.761	-0.036	-0.077	4.224	2.125	4.345	2.150
16.780	-0.036	-0.078	4.227	2.122	4.348	2.147
16.800	-0.036	-0.078	4.230	2.119	4.351	2.144
16.822	-0.034	-0.081	4.236	2.113	4.354	2.140
16.841	-0.034	-0.081	4.239	2.110	4.357	2.137
16.861	-0.034	-0.081	4.242	2.107	4.360	2.134
16.880	-0.037	-0.078	4.242	2.107	4.363	2.131
16.902	-0.034	-0.080	4.248	2.101	4.367	2.127
16.920	-0.037	-0.077	4.248	2.101	4.369	2.124
16.941	-0.038	-0.077	4.251	2.098	4.373	2.121
16.961	-0.038	-0.077	4.254	2.095	4.376	2.117
16.981	-0.038	-0.077	4.257	2.092	4.379	2.114
17.000	-0.038	-0.077	4.261	2.089	4.382	2.111
17.020	-0.038	-0.077	4.264	2.086	4.385	2.107
17.040	-0.038	-0.077	4.267	2.083	4.388	2.104
17.060	-0.038	-0.077	4.270	2.080	4.391	2.101
17.080	-0.039	-0.077	4.273	2.077	4.394	2.097
17.102	-0.039	-0.077	4.276	2.074	4.397	2.093
17.120	-0.039	-0.077	4.279	2.071	4.400	2.090
17.141	-0.039	-0.077	4.282	2.067	4.403	2.087
17.160	-0.039	-0.077	4.285	2.064	4.406	2.083
17.180	-0.039	-0.077	4.288	2.061	4.409	2.080
17.201	-0.039	-0.077	4.291	2.058	4.412	2.076
17.220	-0.039	-0.077	4.294	2.055	4.414	2.073
17.241	-0.040	-0.077	4.297	2.052	4.418	2.069
17.260	-0.040	-0.077	4.300	2.048	4.420	2.066
17.281	-0.040	-0.077	4.303	2.045	4.423	2.062
17.301	-0.040	-0.077	4.306	2.042	4.426	2.059
17.320	-0.040	-0.077	4.309	2.039	4.429	2.055
17.340	-0.040	-0.077	4.312	2.035	4.432	2.052
17.360	-0.040	-0.077	4.315	2.032	4.435	2.048
17.380	-0.040	-0.077	4.318	2.029	4.438	2.044
17.401	-0.041	-0.076	4.321	2.026	4.441	2.041
17.421	-0.041	-0.076	4.324	2.022	4.444	2.037
17.440	-0.041	-0.076	4.327	2.019	4.446	2.034
17.461	-0.041	-0.076	4.330	2.016	4.449	2.030
17.480	-0.041	-0.076	4.333	2.012	4.452	2.026
17.501	-0.041	-0.076	4.336	2.009	4.455	2.022
17.521	-0.044	-0.072	4.336	2.009	4.458	2.019
17.540	-0.044	-0.072	4.339	2.005	4.461	2.015
17.560	-0.044	-0.072	4.342	2.002	4.464	2.011
17.580	-0.044	-0.072	4.345	1.999	4.466	2.008
17.601	-0.042	-0.076	4.350	1.992	4.469	2.004
17.621	-0.045	-0.072	4.350	1.992	4.472	2.000
17.642	-0.042	-0.076	4.356	1.985	4.475	1.996
17.661	-0.043	-0.076	4.359	1.981	4.478	1.992
17.681	-0.045	-0.072	4.359	1.981	4.481	1.989
17.701	-0.045	-0.072	4.362	1.978	4.483	1.985
17.721	-0.046	-0.072	4.365	1.974	4.486	1.981
17.740	-0.046	-0.072	4.367	1.971	4.489	1.977
17.760	-0.046	-0.072	4.370	1.967	4.492	1.973
17.781	-0.046	-0.072	4.373	1.964	4.494	1.969
17.800	-0.046	-0.072	4.376	1.960	4.497	1.966
17.820	-0.047	-0.072	4.379	1.956	4.500	1.962
17.843	-0.047	-0.071	4.381	1.953	4.503	1.957
17.861	-0.047	-0.072	4.384	1.949	4.505	1.954
17.881	-0.047	-0.072	4.387	1.946	4.508	1.950
17.900	-0.047	-0.072	4.390	1.942	4.511	1.946
17.920	-0.048	-0.072	4.392	1.938	4.513	1.942
17.941	-0.048	-0.071	4.395	1.935	4.516	1.938
17.961	-0.048	-0.071	4.398	1.931	4.519	1.934
17.981	-0.048	-0.071	4.401	1.927	4.522	1.930
18.001	-0.048	-0.071	4.403	1.924	4.524	1.926
18.021	-0.048	-0.071	4.406	1.920	4.527	1.922
18.041	-0.048	-0.071	4.409	1.916	4.530	1.918
18.060	-0.049	-0.071	4.412	1.913	4.532	1.914
18.081	-0.049	-0.071	4.414	1.909	4.535	1.910
18.101	-0.049	-0.071	4.417	1.905	4.537	1.906
18.121	-0.049	-0.071	4.420	1.901	4.540	1.902
18.141	-0.049	-0.071	4.423	1.898	4.543	1.898
18.161	-0.049	-0.070	4.425	1.894	4.545	1.894
18.180	-0.049	-0.070	4.428	1.890	4.548	1.890
18.201	-0.050	-0.070	4.431	1.886	4.551	1.885
18.221	-0.050	-0.070	4.433	1.883	4.553	1.881
18.241	-0.050	-0.070	4.436	1.879	4.556	1.877
18.260	-0.050	-0.070	4.439	1.875	4.558	1.873
18.282	-0.050	-0.069	4.441	1.871	4.561	1.869
18.301	-0.050	-0.070	4.444	1.867	4.564	1.865
18.321	-0.050	-0.069	4.447	1.863	4.566	1.860
18.340	-0.050	-0.069	4.450	1.860	4.569	1.856
18.360	-0.050	-0.069	4.452	1.856	4.571	1.852
18.380	-0.051	-0.069	4.455	1.852	4.574	1.848
18.401	-0.051	-0.069	4.457	1.848	4.576	1.844
18.421	-0.051	-0.069	4.460	1.844	4.579	1.839
18.441	-0.051	-0.069	4.463	1.840	4.581	1.835
18.461	-0.051	-0.068	4.465	1.836	4.584	1.831
18.481	-0.051	-0.068	4.468	1.832	4.586	1.827
18.500	-0.051	-0.068	4.471	1.828	4.589	1.822
18.521	-0.051	-0.068	4.473	1.824	4.591	1.818
18.540	-0.051	-0.068	4.476	1.820	4.594	1.814
18.561	-0.052	-0.068	4.478	1.816	4.596	1.809
18.581	-0.052	-0.068	4.481	1.812	4.599	1.805
18.600	-0.052	-0.067	4.484	1.808	4.601	1.801
18.621	-0.052	-0.067	4.486	1.804	4.604	1.796
18.641	-0.052	-0.067	4.489	1.800	4.606	1.792
18.660	-0.052	-0.067	4.491	1.796	4.609	1.788
18.682	-0.052	-0.067	4.494	1.792	4.611	1.783
18.700	-0.052	-0.067	4.496	1.788	4.613	1.779
18.720	-0.052	-0.067	4.499	1.784	4.616	1.774
18.740	-0.052	-0.066	4.501	1.780	4.618	1.770
18.760	-0.052	-0.066	4.504	1.776	4.621	1.765
18.781	-0.053	-0.066	4.507	1.772	4.623	1.761
18.800	-0.053	-0.066	4.509	1.768	4.625	1.757
18.820	-0.053	-0.066	4.512	1.764	4.628	1.752
18.840	-0.053	-0.066	4.514	1.759	4.630	1.748
18.861	-0.053	-0.065	4.517	1.755	4.633	1.743
18.881	-0.053	-0.065	4.519	1.751	4.635	1.738
18.901	-0.053	-0.065	4.522	1.747	4.637	1.734
18.920	-0.053	-0.065	4.524	1.743	4.640	1.730
18.940	-0.053	-0.065	4.527	1.739	4.642	1.725
18.961	-0.053	-0.064	4.529	1.734	4.644	1.720
18.981	-0.053	-0.064	4.531	1.730	4.647	1.716
19.000	-0.053	-0.064	4.534	1.726	4.649	1.711
19.021	-0.054	-0.064	4.536	1.722	4.651	1.706
19.041	-0.056	-0.059	4.536	1.722	4.654	1.702
19.061	-0.056	-0.059	4.539	1.717	4.656	1.697
19.081	-0.056	-0.059	4.541	1.713	4.658	1.693
19.100	-0.056	-0.059	4.544	1.709	4.660	1.688
19.121	-0.056	-0.059	4.546	1.704	4.663	1.684
19.140	-0.056	-0.059	4.548	1.700	4.665	1.679
19.160	-0.056	-0.059	4.551	1.696	4.667	1.674
19.181	-0.056	-0.059	4.553	1.691	4.669	1.670
19.200	-0.057	-0.058	4.556	1.687	4.672	1.665
19.221	-0.057	-0.058	4.558	1.683	4.674	1.660
19.240	-0.057	-0.058	4.560	1.678	4.676	1.656
19.260	-0.057	-0.058	4.563	1.674	4.678	1.651
19.280	-0.057	-0.058	4.565	1.669	4.681	1.646
19.301	-0.057	-0.058	4.568	1.665	4.683	1.641
19.320	-0.057	-0.058	4.570	1.660	4.685	1.637
19.340	-0.057	-0.057	4.572	1.656	4.687	1.632
19.362	-0.057	-0.057	4.575	1.651	4.690	1.627
19.381	-0.057	-0.057	4.577	1.647	4.692	1.622
19.401	-0.057	-0.057	4.579	1.643	4.694	1.617
19.422	-0.057	-0.057	4.582	1.638	4.696	1.612
19.440	-0.057	-0.057	4.584	1.634	4.698	1.608
19.460	-0.057	-0.057	4.586	1.629	4.700	1.603
19.481	-0.057	-0.056	4.589	1.624	4.702	1.598
19.500	-0.057	-0.056	4.591	1.620	4.704	1.593
19.521	-0.057	-0.056	4.593	1.615	4.707	1.589
19.540	-0.057	-0.056	4.596	1.611	4.709	1.584
19.560	-0.057	-0.056	4.598	1.606	4.711	1.579
19.580	-0.057	-0.056	4.600	1.602	4.713	1.574
19.600	-0.057	-0.055	4.603	1.597	4.715	1.569
19.621	-0.057	-0.055	4.605	1.593	4.717	1.564
19.640	-0.057	-0.055	4.607	1.588	4.719	1.559
19.661	-0.058	-0.055	4.609	1.583	4.721	1.554
19.680	-0.058	-0.055	4.612	1.579	4.723	1.550
19.700	-0.058	-0.055	4.614	1.574	4.725	1.545
19.720	-0.058	-0.055	4.616	1.569	4.727	1.540
19.740	-0.058	-0.054	4.618	1.565	4.729	1.535
19.762	-0.058	-0.054	4.621	1.560	4.732	1.529
19.780	-0.058	-0.054	4.623	1.555	4.733	1.525
19.800	-0.058	-0.054	4.625	1.551	4.736	1.520
19.820	-0.060	-0.049	4.625	1.551	4.738	1.515
19.841	-0.058	-0.053	4.629	1.541	4.740	1.509
19.860	-0.060	-0.048	4.629	1.541	4.742	1.505
19.881	-0.060	-0.048	4.632	1.537	4.744	1.500
19.900	-0.060	-0.048	4.634	1.532	4.746	1.495
19.920	-0.060	-0.048	4.636	1.527	4.748	1.490
19.941	-0.060	-0.048	4.638	1.522	4.749	1.485
19.961	-0.060	-0.048	4.640	1.517	4.751	1.479
19.980	-0.060	-0.048	4.643	1.513	4.753	1.474
20.000	-0.060	-0.048	4.645	1.508	4.755	1.469
20.021	-0.060	-0.047	4.647	1.503	4.757	1.464
20.041	-0.060	-0.047	4.649	1.498	4.759	1.459
20.061	-0.060	-0.047	4.651	1.493	4.761	1.454
20.081	-0.060	-0.047	4.653	1.488	4.763	1.449
20.100	-0.060	-0.047	4.655	1.483	4.765	1.444
20.120	-0.060	-0.047	4.657	1.479	4.767	1.439
20.141	-0.060	-0.047	4.660	1.474	4.769	1.433
20.161	-0.060	-0.047	4.662	1.469	4.771	1.428
20.181	-0.060	-0.046	4.664	1.464	4.773	1.423
20.200	-0.060	-0.046	4.666	1.459	4.774	1.418
20.220	-0.060	-0.046	4.668	1.454	4.776	1.413
20.241	-0.060	-0.046	4.670	1.449	4.778	1.408
20.260	-0.060	-0.046	4.672	1.444	4.780	1.402
20.281	-0.060	-0.046	4.674	1.439	4.782	1.397
20.300	-0.060	-0.046	4.676	1.434	4.784	1.392
20.320	-0.060	-0.046	4.678	1.429	4.785	1.387
20.340	-0.060	-0.045	4.680	1.424	4.787	1.382
20.360	-0.059	-0.045	4.682	1.419	4.789	1.376
20.381	-0.059	-0.045	4.684	1.414	4.791	1.371
20.401	-0.059	-0.045	4.686	1.409	4.793	1.366
20.421	-0.059	-0.045	4.688	1.404	4.794	1.361
20.441	-0.059	-0.045	4.691	1.399	4.796	1.355
20.460	-0.059	-0.045	4.693	1.394	4.798	1.350
20.480	-0.059	-0.044	4.695	1.389	4.800	1.345
20.500	-0.059	-0.044	4.697	1.384	4.802	1.339
20.520	-0.059	-0.044	4.699	1.379	4.803	1.334
20.540	-0.059	-0.044	4.701	1.374	4.805	1.329
20.560	-0.059	-0.044	4.702	1.369	4.807	1.323
20.581	-0.059	-0.044	4.704	1.364	4.808	1.318
20.600	-0.059	-0.044	4.706	1.359	4.810	1.313
20.621	-0.059	-0.043	4.708	1.354	4.812	1.307
20.640	-0.059	-0.043	4.710	1.348	4.814	1.302
20.660	-0.059	-0.043	4.712	1.343	4.815	1.297
20.681	-0.059	-0.043	4.714	1.338	4.817	1.291
20.701	-0.059	-0.043	4.716	1.333	4.819	1.286
20.720	-0.059	-0.043	4.718	1.328	4.820	1.281
20.740	-0.059	-0.043	4.720	1.323	4.822	1.275
20.760	-0.059	-0.042	4.722	1.318	4.824	1.270
20.780	-0.059	-0.042	4.724	1.312	4.825	1.264
20.801	-0.059	-0.042	4.726	1.307	4.827	1.259
20.820	-0.060	-0.037	4.726	1.307	4.829	1.254
20.842	-0.059	-0.042	4.729	1.297	4.830	1.248
20.861	-0.059	-0.042	4.731	1.292	4.832	1.242
20.880	-0.058	-0.042	4.733	1.286	4.833	1.237
20.901	-0.060	-0.036	4.733	1.286	4.835	1.232
20.920	-0.058	-0.041	4.737	1.276	4.837	1.226
20.940	-0.058	-0.041	4.739	1.271	4.838	1.221
20.961	-0.058	-0.041	4.740	1.265	4.840	1.215
20.981	-0.058	-0.041	4.742	1.260	4.841	1.210
21.000	-0.058	-0.041	4.744	1.255	4.843	1.204
21.023	-0.058	-0.040	4.746	1.249	4.845	1.198
21.040	-0.058	-0.041	4.748	1.244	4.846	1.193
21.061	-0.058	-0.040	4.749	1.239	4.848	1.188
21.081	-0.058	-0.040	4.751	1.234	4.849	1.182
21.101	-0.058	-0.040	4.753	1.228	4.851	1.177
21.121	-0.059	-0.034	4.753	1.228	4.852	1.171
21.140	-0.059	-0.034	4.755	1.223	4.854	1.166
21.162	-0.059	-0.034	4.757	1.218	4.855	1.160
21.181	-0.059	-0.034	4.758	1.212	4.857	1.154
21.200	-0.059	-0.034	4.760	1.207	4.858	1.149
21.220	-0.059	-0.034	4.762	1.201	4.860	1.143
21.240	-0.059	-0.034	4.763	1.196	4.861	1.138
21.261	-0.059	-0.034	4.765	1.191	4.863	1.132
21.280	-0.059	-0.034	4.767	1.185	4.864	1.126
21.301	-0.059	-0.034	4.769	1.180	4.866	1.121
21.320	-0.059	-0.033	4.770	1.174	4.867	1.115
21.341	-0.059	-0.033	4.772	1.169	4.868	1.110
21.361	-0.059	-0.033	4.774	1.163	4.870	1.104
21.380	-0.059	-0.033	4.775	1.158	4.871	1.098
21.400	-0.059	-0.033	4.777	1.152	4.873	1.093
21.421	-0.059	-0.033	4.779	1.147	4.874	1.087
21.440	-0.058	-0.033	4.780	1.141	4.875	1.081
21.461	-0.058	-0.033	4.782	1.136	4.877	1.076
21.481	-0.058	-0.033	4.784	1.130	4.878	1.070
21.500	-0.058	-0.033	4.785	1.125	4.880	1.064
21.521	-0.058	-0.032	4.787	1.119	4.881	1.059
21.540	-0.058	-0.032	4.788	1.114	4.882	1.053
21.560	-0.058	-0.032	4.790	1.108	4.884	1.047
21.581	-0.058	-0.032	4.792	1.103	4.885	1.041
21.601	-0.058	-0.032	4.793	1.097	4.886	1.036
21.621	-0.058	-0.032	4.795	1.092	4.888	1.030
21.640	-0.058	-0.032	4.796	1.086	4.889	1.024
21.660	-0.058	-0.032	4.798	1.081	4.890	1.019
21.681	-0.057	-0.032	4.800	1.075	4.892	1.013
21.701	-0.057	-0.032	4.801	1.069	4.893	1.007
21.721	-0.057	-0.031	4.803	1.064	4.894	1.001
21.740	-0.057	-0.031	4.804	1.058	4.896	0.996
21.760	-0.057	-0.031	4.806	1.053	4.897	0.990
21.780	-0.057	-0.031	4.807	1.047	4.898	0.984
21.801	-0.057	-0.031	4.809	1.041	4.899	0.978
21.821	-0.057	-0.031	4.810	1.036	4.901	0.972
21.841	-0.057	-0.031	4.812	1.030	4.902	0.967
21.861	-0.057	-0.031	4.813	1.025	4.903	0.961
21.880	-0.057	-0.031	4.815	1.019	4.904	0.955
21.903	-0.057	-0.030	4.816	1.013	4.906	0.949
21.920	-0.056	-0.031	4.818	1.008	4.907	0.944
21.941	-0.056	-0.030	4.819	1.002	4.908	0.938
21.960	-0.056	-0.030	4.821	0.996	4.909	0.932
21.981	-0.056	-0.030	4.822	0.991	4.910	0.926
22.001	-0.056	-0.030	4.824	0.985	4.911	0.920
22.020	-0.056	-0.030	4.825	0.979	4.913	0.914
22.040	-0.056	-0.030	4.826	0.974	4.914	0.909
22.060	-0.056	-0.030	4.828	0.968	4.915	0.903
22.080	-0.056	-0.030	4.829	0.962	4.916	0.897
22.101	-0.056	-0.029	4.831	0.956	4.917	0.891
22.120	-0.056	-0.030	4.832	0.951	4.918	0.885
22.141	-0.056	-0.029	4.833	0.945	4.920	0.879
22.160	-0.055	-0.029	4.835	0.939	4.921	0.873
22.180	-0.055	-0.029	4.836	0.934	4.922	0.867
22.200	-0.055	-0.029	4.838	0.928	4.923	0.861
22.221	-0.055	-0.029	4.839	0.922	4.924	0.855
22.241	-0.056	-0.023	4.839	0.922	4.925	0.850
22.260	-0.056	-0.023	4.840	0.916	4.926	0.844
22.280	-0.056	-0.023	4.842	0.911	4.927	0.838
22.300	-0.056	-0.023	4.843	0.905	4.928	0.832
22.320	-0.056	-0.023	4.844	0.899	4.929	0.826
22.340	-0.056	-0.023	4.845	0.893	4.930	0.820
22.361	-0.056	-0.022	4.847	0.887	4.931	0.814
22.381	-0.056	-0.023	4.848	0.881	4.932	0.808
22.400	-0.056	-0.023	4.849	0.876	4.933	0.802
22.420	-0.056	-0.023	4.850	0.870	4.934	0.796
22.442	-0.055	-0.028	4.853	0.858	4.936	0.790
22.461	-0.055	-0.028	4.854	0.852	4.937	0.784
22.480	-0.056	-0.022	4.854	0.852	4.937	0.778
22.502	-0.054	-0.028	4.857	0.840	4.939	0.772
22.521	-0.054	-0.028	4.858	0.835	4.939	0.766
22.541	-0.055	-0.022	4.858	0.835	4.940	0.760
22.560	-0.055	-0.022	4.859	0.829	4.941	0.754
22.581	-0.055	-0.022	4.860	0.823	4.942	0.748
22.601	-0.055	-0.022	4.862	0.817	4.943	0.742
22.620	-0.055	-0.022	4.863	0.811	4.944	0.736
22.642	-0.055	-0.021	4.864	0.805	4.945	0.730
22.661	-0.055	-0.022	4.865	0.799	4.946	0.724
22.681	-0.055	-0.022	4.866	0.793	4.947	0.718
22.704	-0.055	-0.021	4.868	0.787	4.948	0.711
22.721	-0.054	-0.021	4.869	0.781	4.949	0.706
22.741	-0.054	-0.021	4.870	0.776	4.950	0.700
22.761	-0.054	-0.021	4.871	0.770	4.951	0.694
22.781	-0.054	-0.021	4.872	0.764	4.951	0.688
22.801	-0.054	-0.021	4.873	0.758	4.952	0.682
22.820	-0.054	-0.021	4.874	0.752	4.953	0.676
22.840	-0.054	-0.021	4.875	0.746	4.954	0.670
22.861	-0.054	-0.021	4.877	0.740	4.955	0.664
22.882	-0.054	-0.021	4.878	0.734	4.956	0.658
22.901	-0.054	-0.021	4.879	0.728	4.957	0.652
22.920	-0.053	-0.021	4.880	0.722	4.957	0.646
22.942	-0.053	-0.020	4.881	0.716	4.958	0.639
22.960	-0.053	-0.021	4.882	0.710	4.959	0.634
22.980	-0.053	-0.021	4.883	0.704	4.960	0.628
23.001	-0.053	-0.021	4.884	0.698	4.961	0.622
23.020	-0.053	-0.021	4.885	0.692	4.961	0.616
23.040	-0.053	-0.021	4.886	0.686	4.962	0.609
23.061	-0.053	-0.020	4.887	0.680	4.963	0.603
23.080	-0.053	-0.021	4.888	0.674	4.964	0.597
23.100	-0.053	-0.020	4.889	0.668	4.964	0.591
23.120	-0.052	-0.020	4.890	0.662	4.965	0.585
23.141	-0.052	-0.020	4.891	0.656	4.966	0.579
23.161	-0.052	-0.020	4.892	0.650	4.967	0.573
23.181	-0.052	-0.020	4.893	0.644	4.967	0.566
23.201	-0.053	-0.014	4.893	0.644	4.968	0.561
23.220	-0.053	-0.014	4.894	0.638	4.969	0.554
23.242	-0.053	-0.013	4.895	0.632	4.970	0.548
23.260	-0.053	-0.014	4.896	0.626	4.970	0.542
23.280	-0.053	-0.014	4.897	0.620	4.971	0.536
23.300	-0.052	-0.014	4.898	0.614	4.972	0.530
23.321	-0.052	-0.014	4.899	0.608	4.972	0.524
23.340	-0.052	-0.014	4.900	0.601	4.973	0.518
23.361	-0.052	-0.014	4.900	0.595	4.973	0.511
23.381	-0.052	-0.014	4.901	0.589	4.974	0.505
23.400	-0.052	-0.014	4.902	0.583	4.975	0.499
23.420	-0.052	-0.014	4.903	0.577	4.975	0.493
23.441	-0.052	-0.014	4.904	0.571	4.976	0.487
23.461	-0.052	-0.014	4.905	0.565	4.977	0.481
23.480	-0.052	-0.014	4.906	0.559	4.977	0.474
23.501	-0.052	-0.014	4.906	0.552	4.978	0.468
23.521	-0.052	-0.014	4.907	0.546	4.978	0.462
23.541	-0.052	-0.014	4.908	0.540	4.979	0.456
23.560	-0.051	-0.014	4.909	0.534	4.980	0.450
23.581	-0.051	-0.014	4.910	0.528	4.980	0.444
23.601	-0.051	-0.014	4.911	0.522	4.981	0.437
23.621	-0.051	-0.014	4.911	0.516	4.981	0.431
23.641	-0.051	-0.014	4.912	0.509	4.982	0.425
23.660	-0.051	-0.014	4.913	0.503	4.982	0.419
23.681	-0.051	-0.014	4.914	0.497	4.983	0.412
23.700	-0.051	-0.014	4.914	0.491	4.983	0.406
23.720	-0.051	-0.014	4.915	0.485	4.984	0.400
23.741	-0.051	-0.014	4.916	0.479	4.984	0.394
23.761	-0.051	-0.014	4.917	0.473	4.985	0.388
23.781	-0.050	-0.014	4.917	0.466	4.985	0.381
23.800	-0.050	-0.014	4.918	0.460	4.986	0.375
23.820	-0.050	-0.014	4.919	0.454	4.986	0.369
23.840	-0.050	-0.014	4.920	0.448	4.987	0.363
23.861	-0.050	-0.014	4.920	0.442	4.987	0.357
23.881	-0.050	-0.014	4.921	0.436	4.988	0.351
23.901	-0.050	-0.014	4.922	0.429	4.988	0.344
23.921	-0.050	-0.014	4.922	0.423	4.989	0.338
23.941	-0.050	-0.014	4.923	0.417	4.989	0.332
23.961	-0.050	-0.013	4.924	0.411	4.989	0.326
23.980	-0.050	-0.014	4.924	0.405	4.990	0.319
24.001	-0.049	-0.013	4.925	0.398	4.990	0.313
24.021	-0.049	-0.013	4.925	0.392	4.991	0.307
24.041	-0.049	-0.013	4.926	0.386	4.991	0.301
24.060	-0.049	-0.013	4.927	0.380	4.991	0.294
24.082	-0.049	-0.013	4.927	0.374	4.992	0.288
24.100	-0.049	-0.013	4.928	0.367	4.992	0.282
24.123	-0.049	-0.012	4.928	0.361	4.992	0.275
24.140	-0.049	-0.013	4.929	0.355	4.993	0.270
24.164	-0.049	-0.012	4.930	0.349	4.993	0.262
24.180	-0.049	-0.013	4.930	0.343	4.993	0.257
24.200	-0.049	-0.013	4.931	0.336	4.994	0.251
24.221	-0.049	-0.013	4.931	0.330	4.994	0.244
24.240	-0.048	-0.013	4.932	0.324	4.994	0.238
24.261	-0.049	-0.007	4.932	0.324	4.995	0.232
24.284	-0.048	-0.012	4.933	0.312	4.995	0.225
24.300	-0.048	-0.013	4.933	0.305	4.995	0.220
24.321	-0.048	-0.013	4.934	0.299	4.995	0.213
24.340	-0.048	-0.013	4.934	0.293	4.996	0.207
24.360	-0.048	-0.013	4.935	0.287	4.996	0.201
24.381	-0.048	-0.013	4.935	0.281	4.996	0.194
24.400	-0.048	-0.013	4.936	0.274	4.996	0.188
24.421	-0.048	-0.007	4.936	0.274	4.997	0.182
24.441	-0.048	-0.013	4.937	0.262	4.997	0.175
24.461	-0.048	-0.013	4.937	0.256	4.997	0.169
24.482	-0.047	-0.013	4.937	0.249	4.997	0.163
24.501	-0.047	-0.013	4.938	0.243	4.998	0.157
24.521	-0.047	-0.013	4.938	0.237	4.998	0.151
24.540	-0.047	-0.007	4.938	0.237	4.998	0.144
24.562	-0.047	-0.012	4.939	0.224	4.998	0.137
24.582	-0.047	-0.012	4.940	0.218	4.998	0.131
24.601	-0.047	-0.006	4.940	0.218	4.998	0.125
24.622	-0.047	-0.006	4.940	0.212	4.999	0.119
24.641	-0.047	-0.006	4.940	0.206	4.999	0.113
24.661	-0.047	-0.006	4.941	0.199	4.999	0.107
24.681	-0.047	-0.007	4.941	0.193	4.999	0.100
24.700	-0.047	-0.007	4.941	0.187	4.999	0.094
24.720	-0.047	-0.007	4.942	0.181	4.999	0.088
24.740	-0.047	-0.007	4.942	0.174	4.999	0.082
24.761	-0.047	-0.007	4.942	0.168	4.999	0.075
24.781	-0.047	-0.007	4.943	0.162	5.000	0.069
24.801	-0.046	-0.007	4.943	0.156	5.000	0.063
24.821	-0.046	-0.007	4.943	0.149	5.000	0.056
24.840	-0.046	-0.007	4.944	0.143	5.000	0.050
24.860	-0.046	-0.007	4.944	0.137	5.000	0.044
24.881	-0.046	-0.007	4.944	0.130	5.000	0.038
24.900	-0.046	-0.007	4.944	0.124	5.000	0.031
24.921	-0.046	-0.006	4.945	0.118	5.000	0.025
24.940	-0.046	-0.007	4.945	0.112	5.000	0.019
24.960	-0.046	-0.007	4.945	0.105	5.000	0.012
24.980	-0.046	-0.007	4.945	0.099	5.000	0.006
25.000	-0.046	-0.007	4.946	0.093	5.000	-0.000
25.020	-0.046	-0.007	4.946	0.087	5.000	-0.006
25.041	-0.045	-0.007	4.946	0.080	5.000	-0.013
25.060	-0.045	-0.007	4.946	0.074	5.000	-0.019
25.081	-0.045	-0.007	4.946	0.068	5.000	-0.025
25.100	-0.045	-0.007	4.947	0.061	5.000	-0.032
25.120	-0.045	-0.007	4.947	0.055	5.000	-0.038
25.140	-0.045	-0.007	4.947	0.049	5.000	-0.044
25.160	-0.045	-0.007	4.947	0.043	5.000	-0.050
25.180	-0.045	-0.007	4.947	0.036	5.000	-0.057
25.201	-0.045	-0.006	4.947	0.030	5.000	-0.063
25.221	-0.045	-0.007	4.947	0.024	5.000	-0.069
25.240	-0.045	-0.007	4.948	0.018	4.999	-0.076
25.260	-0.045	-0.007	4.948	0.011	4.999	-0.082
25.280	-0.045	-0.007	4.948	0.005	4.999	-0.088
25.300	-0.044	-0.007	4.948	-0.001	4.999	-0.094
25.321	-0.044	-0.006	4.948	-0.008	4.999	-0.101
25.341	-0.044	-0.007	4.948	-0.014	4.999	-0.107
25.360	-0.044	-0.007	4.948	-0.020	4.999	-0.113
25.380	-0.044	-0.007	4.948	-0.026	4.999	-0.119
25.400	-0.044	-0.007	4.948	-0.033	4.998	-0.126
25.421	-0.044	-0.007	4.948	-0.039	4.998	-0.132
25.440	-0.044	-0.007	4.948	-0.045	4.998	-0.138
25.460	-0.044	-0.007	4.948	-0.051	4.998	-0.145
25.480	-0.044	-0.007	4.948	-0.058	4.998	-0.151
25.500	-0.044	-0.007	4.948	-0.064	4.998	-0.157
25.520	-0.044	-0.007	4.948	-0.070	4.997	-0.163
25.540	-0.044	-0.007	4.948	-0.076	4.997	-0.170
25.560	-0.044	-0.007	4.948	-0.083	4.997	-0.176
25.580	-0.043	-0.007	4.948	-0.089	4.997	-0.182
25.600	-0.043	-0.007	4.948	-0.095	4.996	-0.188
25.620	-0.043	-0.007	4.948	-0.101	4.996	-0.195
25.640	-0.043	-0.007	4.948	-0.108	4.996	-0.201
25.661	-0.043	-0.006	4.948	-0.114	4.996	-0.207
25.680	-0.043	-0.007	4.948	-0.120	4.995	-0.214
25.700	-0.043	-0.007	4.948	-0.126	4.995	-0.220
25.720	-0.043	-0.007	4.948	-0.133	4.995	-0.226
25.740	-0.043	-0.007	4.948	-0.139	4.995	-0.232
25.760	-0.043	-0.007	4.948	-0.145	4.994	-0.239
25.780	-0.043	-0.007	4.948	-0.151	4.994	-0.245
25.800	-0.043	-0.007	4.948	-0.158	4.994	-0.251
25.821	-0.043	-0.006	4.947	-0.164	4.993	-0.257
25.841	-0.042	-0.000	4.947	-0.164	4.993	-0.264
25.862	-0.042	0.000	4.947	-0.170	4.993	-0.270
25.881	-0.042	-0.000	4.947	-0.176	4.992	-0.276
25.901	-0.042	-0.000	4.947	-0.183	4.992	-0.282
25.920	-0.042	-0.000	4.947	-0.189	4.992	-0.289
25.941	-0.042	-0.000	4.947	-0.195	4.991	-0.295
25.960	-0.042	-0.000	4.946	-0.201	4.991	-0.301
25.980	-0.042	-0.000	4.946	-0.208	4.991	-0.307
26.002	-0.042	0.000	4.946	-0.214	4.990	-0.314
26.020	-0.042	-0.001	4.946	-0.220	4.990	-0.320
26.040	-0.042	-0.001	4.946	-0.227	4.989	-0.326
26.061	-0.042	-0.000	4.945	-0.233	4.989	-0.332
26.081	-0.042	-0.001	4.945	-0.239	4.988	-0.338
26.101	-0.042	-0.001	4.945	-0.245	4.988	-0.345
26.120	-0.042	-0.001	4.945	-0.252	4.988	-0.351
26.140	-0.042	-0.001	4.944	-0.258	4.987	-0.357
26.160	-0.042	-0.001	4.944	-0.264	4.987	-0.363
26.180	-0.042	-0.001	4.944	-0.270	4.986	-0.369
26.203	-0.042	-0.000	4.943	-0.277	4.986	-0.376
26.220	-0.042	-0.001	4.943	-0.283	4.985	-0.382
26.240	-0.042	-0.001	4.943	-0.289	4.985	-0.388
26.261	-0.042	-0.001	4.943	-0.295	4.984	-0.394
26.280	-0.041	-0.001	4.942	-0.301	4.984	-0.401
26.301	-0.041	-0.001	4.942	-0.308	4.983	-0.407
26.320	-0.041	-0.001	4.942	-0.314	4.983	-0.413
26.341	-0.041	-0.001	4.941	-0.320	4.982	-0.419
26.361	-0.041	-0.001	4.941	-0.326	4.982	-0.426
26.380	-0.041	-0.001	4.941	-0.333	4.981	-0.432
26.402	-0.041	-0.001	4.940	-0.339	4.981	-0.438
26.420	-0.041	-0.001	4.940	-0.345	4.980	-0.444
26.440	-0.041	-0.001	4.939	-0.351	4.980	-0.450
26.460	-0.041	-0.001	4.939	-0.357	4.979	-0.456
26.480	-0.041	-0.001	4.939	-0.364	4.978	-0.462
26.500	-0.041	-0.001	4.938	-0.370	4.978	-0.469
26.520	-0.041	-0.001	4.938	-0.376	4.977	-0.475
26.541	-0.041	-0.001	4.937	-0.382	4.977	-0.481
26.560	-0.041	-0.001	4.937	-0.388	4.976	-0.487
26.581	-0.040	0.005	4.937	-0.388	4.975	-0.493
26.600	-0.040	0.005	4.936	-0.395	4.975	-0.499
26.622	-0.040	0.005	4.936	-0.401	4.974	-0.506
26.641	-0.040	0.005	4.936	-0.407	4.973	-0.512
26.661	-0.040	0.005	4.935	-0.413	4.973	-0.518
26.680	-0.040	0.005	4.935	-0.419	4.972	-0.524
26.700	-0.040	0.005	4.934	-0.426	4.971	-0.530
26.720	-0.040	0.004	4.934	-0.432	4.971	-0.536
26.740	-0.040	0.004	4.933	-0.438	4.970	-0.542
26.760	-0.040	0.004	4.932	-0.444	4.969	-0.549
26.781	-0.040	0.004	4.932	-0.450	4.969	-0.555
26.800	-0.040	0.004	4.931	-0.457	4.968	-0.561
26.821	-0.040	0.004	4.931	-0.463	4.967	-0.567
26.841	-0.040	0.004	4.930	-0.469	4.967	-0.573
26.861	-0.040	0.004	4.930	-0.475	4.966	-0.579
26.883	-0.040	0.005	4.929	-0.481	4.965	-0.586
26.900	-0.040	0.004	4.929	-0.488	4.964	-0.591
26.922	-0.040	0.004	4.928	-0.494	4.964	-0.598
26.942	-0.040	0.004	4.927	-0.500	4.963	-0.604
26.961	-0.040	0.004	4.927	-0.506	4.962	-0.610
26.981	-0.040	0.004	4.926	-0.512	4.961	-0.616
27.001	-0.040	0.004	4.926	-0.518	4.961	-0.622
27.020	-0.040	0.004	4.925	-0.524	4.960	-0.628
27.041	-0.040	0.004	4.924	-0.531	4.959	-0.634
27.060	-0.040	0.003	4.924	-0.537	4.958	-0.640
27.080	-0.040	0.003	4.923	-0.543	4.957	-0.646
27.101	-0.040	0.003	4.922	-0.549	4.957	-0.652
27.121	-0.040	0.004	4.922	-0.555	4.956	-0.659
27.140	-0.040	0.003	4.921	-0.561	4.955	-0.664
27.161	-0.040	0.003	4.920	-0.567	4.954	-0.671
27.181	-0.039	0.010	4.920	-0.567	4.953	-0.677
27.201	-0.039	0.003	4.919	-0.580	4.952	-0.683
27.220	-0.039	0.009	4.919	-0.580	4.951	-0.689
27.241	-0.040	0.003	4.917	-0.592	4.950	-0.695
27.260	-0.040	0.003	4.917	-0.598	4.950	-0.701
27.281	-0.040	0.003	4.916	-0.604	4.949	-0.707
27.301	-0.039	0.009	4.916	-0.604	4.948	-0.713
27.320	-0.039	0.009	4.915	-0.610	4.947	-0.719
27.341	-0.039	0.003	4.914	-0.622	4.946	-0.725
27.361	-0.039	0.003	4.913	-0.628	4.945	-0.731
27.384	-0.039	0.003	4.912	-0.634	4.944	-0.738
27.401	-0.039	0.003	4.911	-0.641	4.943	-0.743
27.421	-0.039	0.003	4.911	-0.647	4.942	-0.749
27.440	-0.039	0.002	4.910	-0.653	4.941	-0.755
27.460	-0.039	0.002	4.909	-0.659	4.940	-0.761
27.480	-0.039	0.002	4.908	-0.665	4.939	-0.767
27.500	-0.039	0.002	4.907	-0.671	4.938	-0.773
27.520	-0.039	0.002	4.907	-0.677	4.937	-0.779
27.541	-0.039	0.002	4.906	-0.683	4.936	-0.785
27.561	-0.039	0.002	4.905	-0.689	4.935	-0.791
27.581	-0.039	0.002	4.904	-0.695	4.934	-0.797
27.601	-0.039	0.002	4.903	-0.701	4.933	-0.803
27.620	-0.039	0.002	4.902	-0.707	4.932	-0.808
27.641	-0.039	0.002	4.901	-0.713	4.931	-0.814
27.661	-0.039	0.002	4.901	-0.719	4.930	-0.820
27.683	-0.039	0.003	4.900	-0.725	4.929	-0.827
27.700	-0.039	0.002	4.899	-0.731	4.928	-0.832
27.720	-0.039	0.002	4.898	-0.737	4.927	-0.838
27.740	-0.039	0.002	4.897	-0.743	4.926	-0.844
27.760	-0.039	0.002	4.896	-0.748	4.925	-0.850
27.780	-0.039	0.002	4.895	-0.754	4.924	-0.856
27.800	-0.039	0.002	4.894	-0.760	4.923	-0.862
27.823	-0.039	0.003	4.893	-0.766	4.922	-0.868
27.840	-0.039	0.002	4.892	-0.772	4.921	-0.873
27.860	-0.039	0.002	4.891	-0.778	4.919	-0.879
27.881	-0.039	0.002	4.890	-0.784	4.918	-0.885
27.901	-0.038	0.008	4.890	-0.784	4.917	-0.891
27.920	-0.038	0.008	4.889	-0.790	4.916	-0.897
27.941	-0.039	0.002	4.887	-0.802	4.915	-0.903
27.961	-0.039	0.002	4.886	-0.808	4.914	-0.909
27.982	-0.039	0.002	4.885	-0.813	4.913	-0.915
28.000	-0.038	0.008	4.885	-0.813	4.911	-0.920
28.022	-0.039	0.002	4.883	-0.825	4.910	-0.927
28.040	-0.038	0.008	4.883	-0.825	4.909	-0.932
28.060	-0.038	0.008	4.882	-0.831	4.908	-0.938
28.081	-0.038	0.007	4.881	-0.837	4.907	-0.944
28.100	-0.038	0.007	4.880	-0.843	4.905	-0.950
28.120	-0.038	0.007	4.879	-0.849	4.904	-0.955
28.140	-0.038	0.007	4.878	-0.855	4.903	-0.961
28.160	-0.038	0.007	4.877	-0.861	4.902	-0.967
28.181	-0.038	0.007	4.876	-0.866	4.900	-0.973
28.201	-0.038	0.007	4.874	-0.872	4.899	-0.979
28.220	-0.038	0.007	4.873	-0.878	4.898	-0.984
28.241	-0.038	0.007	4.872	-0.884	4.897	-0.990
28.261	-0.038	0.007	4.871	-0.890	4.895	-0.996
28.281	-0.038	0.007	4.870	-0.896	4.894	-1.002
28.300	-0.038	0.007	4.869	-0.901	4.893	-1.007
28.321	-0.038	0.007	4.868	-0.907	4.892	-1.013
28.340	-0.038	0.007	4.866	-0.913	4.890	-1.019
28.363	-0.038	0.007	4.865	-0.919	4.889	-1.025
28.381	-0.038	0.007	4.864	-0.925	4.888	-1.031
28.401	-0.038	0.007	4.863	-0.930	4.886	-1.036
28.420	-0.038	0.007	4.862	-0.936	4.885	-1.042
28.440	-0.038	0.007	4.860	-0.942	4.884	-1.047
28.460	-0.038	0.007	4.859	-0.948	4.882	-1.053
28.481	-0.038	0.006	4.858	-0.954	4.881	-1.059
28.501	-0.038	0.007	4.857	-0.959	4.880	-1.065
28.522	-0.038	0.007	4.856	-0.965	4.878	-1.071
28.540	-0.038	0.006	4.854	-0.971	4.877	-1.076
28.560	-0.038	0.006	4.853	-0.977	4.875	-1.082
28.580	-0.038	0.006	4.852	-0.982	4.874	-1.087
28.600	-0.038	0.006	4.850	-0.988	4.873	-1.093
28.621	-0.038	0.006	4.849	-0.994	4.871	-1.099
28.640	-0.038	0.006	4.848	-0.999	4.870	-1.104
28.660	-0.038	0.006	4.847	-1.005	4.868	-1.110
28.680	-0.038	0.006	4.845	-1.011	4.867	-1.115
28.700	-0.038	0.006	4.844	-1.016	4.865	-1.121
28.720	-0.038	0.006	4.843	-1.022	4.864	-1.127
28.741	-0.038	0.006	4.841	-1.028	4.863	-1.132
28.761	-0.038	0.006	4.840	-1.033	4.861	-1.138
28.781	-0.038	0.006	4.839	-1.039	4.860	-1.144
28.800	-0.038	0.006	4.837	-1.045	4.858	-1.149
28.820	-0.038	0.006	4.836	-1.050	4.857	-1.155
28.840	-0.038	0.006	4.835	-1.056	4.855	-1.160
28.860	-0.038	0.006	4.833	-1.061	4.854	-1.166
28.880	-0.038	0.006	4.832	-1.067	4.852	-1.171
28.900	-0.038	0.006	4.831	-1.073	4.851	-1.177
28.921	-0.038	0.006	4.829	-1.078	4.849	-1.183
28.941	-0.038	0.006	4.828	-1.084	4.848	-1.188
28.962	-0.038	0.006	4.826	-1.089	4.846	-1.194
28.980	-0.038	0.006	4.825	-1.095	4.844	-1.199
29.000	-0.038	0.006	4.823	-1.101	4.843	-1.204
29.020	-0.038	0.006	4.822	-1.106	4.841	-1.210
29.040	-0.038	0.006	4.821	-1.112	4.840	-1.216
29.061	-0.038	0.006	4.819	-1.117	4.838	-1.221
29.080	-0.038	0.006	4.818	-1.123	4.837	-1.226
29.100	-0.038	0.006	4.816	-1.128	4.835	-1.232
29.120	-0.038	0.006	4.815	-1.134	4.833	-1.237
29.140	-0.038	0.006	4.813	-1.139	4.832	-1.243
29.162	-0.038	0.006	4.812	-1.145	4.830	-1.249
29.180	-0.037	0.011	4.812	-1.145	4.829	-1.254
29.200	-0.037	0.011	4.810	-1.150	4.827	-1.259
29.220	-0.037	0.011	4.809	-1.156	4.825	-1.265
29.242	-0.037	0.011	4.807	-1.161	4.823	-1.270
29.262	-0.037	0.011	4.806	-1.167	4.822	-1.276
29.280	-0.037	0.011	4.804	-1.172	4.820	-1.281
29.300	-0.037	0.011	4.802	-1.178	4.819	-1.286
29.320	-0.037	0.011	4.801	-1.183	4.817	-1.292
29.340	-0.037	0.011	4.799	-1.189	4.815	-1.297
29.360	-0.037	0.011	4.798	-1.194	4.814	-1.302
29.381	-0.037	0.011	4.796	-1.199	4.812	-1.308
29.400	-0.037	0.011	4.794	-1.205	4.810	-1.313
29.421	-0.037	0.011	4.793	-1.210	4.808	-1.318
29.440	-0.038	0.011	4.791	-1.216	4.807	-1.324
29.460	-0.038	0.011	4.790	-1.221	4.805	-1.329
29.480	-0.038	0.011	4.788	-1.226	4.803	-1.334
29.501	-0.038	0.011	4.786	-1.232	4.801	-1.340
29.521	-0.038	0.011	4.785	-1.237	4.800	-1.345
29.541	-0.038	0.011	4.783	-1.242	4.798	-1.350
29.561	-0.038	0.011	4.781	-1.248	4.796	-1.356
29.580	-0.038	0.010	4.780	-1.253	4.794	-1.361
29.600	-0.038	0.010	4.778	-1.258	4.793	-1.366
29.621	-0.038	0.011	4.776	-1.264	4.791	-1.371
29.640	-0.038	0.010	4.775	-1.269	4.789	-1.377
29.662	-0.038	0.011	4.773	-1.274	4.787	-1.382
29.681	-0.038	0.010	4.771	-1.280	4.785	-1.387
29.700	-0.038	0.010	4.770	-1.285	4.784	-1.392
29.720	-0.038	0.010	4.768	-1.290	4.782	-1.398
29.741	-0.038	0.010	4.766	-1.295	4.780	-1.403
29.760	-0.038	0.010	4.764	-1.301	4.778	-1.408
29.781	-0.038	0.010	4.763	-1.306	4.776	-1.413
29.800	-0.038	0.010	4.761	-1.311	4.774	-1.418
29.821	-0.038	0.010	4.759	-1.316	4.772	-1.423
29.840	-0.038	0.010	4.757	-1.322	4.771	-1.429
29.861	-0.038	0.010	4.756	-1.327	4.769	-1.434
29.880	-0.038	0.010	4.754	-1.332	4.767	-1.439
29.900	-0.039	0.010	4.752	-1.337	4.765	-1.444
29.920	-0.039	0.010	4.750	-1.342	4.763	-1.449
29.940	-0.039	0.010	4.748	-1.348	4.761	-1.454
29.960	-0.039	0.010	4.747	-1.353	4.759	-1.459
29.981	-0.039	0.010	4.745	-1.358	4.757	-1.465
30.001	-0.039	0.010	4.743	-1.363	4.755	-1.470
30.020	-0.039	0.010	4.741	-1.368	4.753	-1.475
30.040	-0.039	0.010	4.739	-1.373	4.751	-1.480
30.060	-0.039	0.010	4.738	-1.379	4.749	-1.485
30.080	-0.039	0.010	4.736	-1.384	4.747	-1.490
30.100	-0.039	0.010	4.734	-1.389	4.745	-1.495
30.123	-0.039	0.011	4.732	-1.394	4.743	-1.501
30.140	-0.039	0.010	4.730	-1.399	4.741	-1.505
30.162	-0.039	0.010	4.728	-1.404	4.739	-1.510
30.181	-0.039	0.010	4.726	-1.409	4.737	-1.515
30.200	-0.039	0.010	4.724	-1.414	4.735	-1.520
30.220	-0.039	0.010	4.722	-1.419	4.733	-1.525
30.241	-0.039	0.010	4.721	-1.424	4.731	-1.530
30.260	-0.039	0.010	4.719	-1.429	4.729	-1.535
30.283	-0.039	0.010	4.717	-1.434	4.727	-1.540
30.300	-0.039	0.010	4.715	-1.439	4.725	-1.545
30.321	-0.039	0.010	4.713	-1.444	4.723	-1.550
30.341	-0.040	0.010	4.711	-1.449	4.721	-1.555
30.360	-0.040	0.010	4.709	-1.454	4.719	-1.559
30.381	-0.040	0.010	4.707	-1.459	4.717	-1.564
30.400	-0.040	0.010	4.705	-1.464	4.715	-1.569
30.421	-0.040	0.010	4.703	-1.469	4.713	-1.574
30.440	-0.040	0.010	4.701	-1.474	4.711	-1.579
30.461	-0.040	0.010	4.699	-1.479	4.709	-1.584
30.480	-0.040	0.010	4.697	-1.483	4.706	-1.589
30.500	-0.040	0.010	4.695	-1.488	4.704	-1.594
30.520	-0.040	0.010	4.693	-1.493	4.702	-1.599
30.540	-0.040	0.010	4.691	-1.498	4.700	-1.603
30.560	-0.040	0.010	4.689	-1.503	4.698	-1.608
30.581	-0.040	0.010	4.687	-1.508	4.696	-1.613
30.600	-0.040	0.010	4.685	-1.512	4.694	-1.618
30.622	-0.040	0.011	4.683	-1.517	4.691	-1.623
30.641	-0.040	0.010	4.681	-1.522	4.689	-1.627
30.660	-0.040	0.010	4.679	-1.527	4.687	-1.632
30.680	-0.040	0.010	4.677	-1.532	4.685	-1.637
30.700	-0.040	0.010	4.675	-1.537	4.683	-1.642
30.722	-0.040	0.011	4.672	-1.541	4.680	-1.647
30.740	-0.041	0.010	4.670	-1.546	4.678	-1.651
30.760	-0.041	0.010	4.668	-1.551	4.676	-1.656
30.780	-0.038	0.015	4.668	-1.551	4.674	-1.660
30.800	-0.038	0.015	4.666	-1.556	4.672	-1.665
30.821	-0.038	0.015	4.664	-1.560	4.669	-1.670
30.840	-0.039	0.015	4.662	-1.565	4.667	-1.674
30.860	-0.039	0.015	4.660	-1.570	4.665	-1.679
30.881	-0.039	0.015	4.657	-1.574	4.663	-1.684
30.900	-0.039	0.015	4.655	-1.579	4.660	-1.688
30.921	-0.039	0.016	4.653	-1.584	4.658	-1.693
30.940	-0.039	0.016	4.651	-1.588	4.656	-1.698
30.961	-0.039	0.016	4.649	-1.593	4.653	-1.702
30.980	-0.039	0.016	4.646	-1.597	4.651	-1.707
31.000	-0.040	0.016	4.644	-1.602	4.649	-1.711
31.021	-0.040	0.016	4.642	-1.607	4.646	-1.716
31.041	-0.040	0.016	4.640	-1.611	4.644	-1.721
31.061	-0.040	0.016	4.637	-1.616	4.642	-1.725
31.080	-0.040	0.016	4.635	-1.621	4.640	-1.730
31.101	-0.040	0.016	4.633	-1.625	4.637	-1.734
31.121	-0.040	0.016	4.631	-1.630	4.635	-1.739
31.141	-0.040	0.016	4.628	-1.634	4.632	-1.743
31.162	-0.040	0.016	4.626	-1.639	4.630	-1.748
31.180	-0.040	0.016	4.624	-1.643	4.628	-1.752
31.200	-0.040	0.016	4.622	-1.648	4.625	-1.757
31.220	-0.040	0.016	4.619	-1.652	4.623	-1.761
31.241	-0.040	0.016	4.617	-1.657	4.621	-1.766
31.261	-0.040	0.016	4.615	-1.662	4.618	-1.770
31.280	-0.041	0.016	4.612	-1.666	4.616	-1.775
31.300	-0.041	0.016	4.610	-1.671	4.613	-1.779
31.321	-0.041	0.016	4.608	-1.675	4.611	-1.783
31.340	-0.041	0.016	4.606	-1.679	4.608	-1.788
31.361	-0.041	0.016	4.603	-1.684	4.606	-1.792
31.381	-0.041	0.016	4.601	-1.688	4.604	-1.797
31.400	-0.041	0.016	4.598	-1.693	4.601	-1.801
31.421	-0.041	0.016	4.596	-1.697	4.599	-1.805
31.441	-0.041	0.016	4.594	-1.701	4.596	-1.810
31.460	-0.041	0.016	4.591	-1.706	4.594	-1.814
31.480	-0.042	0.016	4.589	-1.710	4.591	-1.818
31.501	-0.042	0.017	4.587	-1.714	4.589	-1.823
31.520	-0.042	0.016	4.584	-1.719	4.586	-1.827
31.541	-0.042	0.017	4.582	-1.723	4.584	-1.831
31.560	-0.042	0.017	4.579	-1.727	4.581	-1.835
31.581	-0.039	0.021	4.579	-1.727	4.579	-1.840
31.600	-0.039	0.021	4.577	-1.731	4.576	-1.844
31.620	-0.040	0.021	4.575	-1.736	4.574	-1.848
31.641	-0.040	0.021	4.572	-1.740	4.571	-1.852
31.660	-0.040	0.021	4.570	-1.744	4.569	-1.857
31.680	-0.040	0.021	4.567	-1.749	4.566	-1.861
31.701	-0.040	0.021	4.565	-1.753	4.563	-1.865
31.720	-0.040	0.021	4.562	-1.757	4.561	-1.869
31.740	-0.040	0.021	4.560	-1.761	4.558	-1.873
31.760	-0.040	0.021	4.557	-1.765	4.556	-1.877
31.781	-0.041	0.021	4.555	-1.770	4.553	-1.882
31.802	-0.040	0.022	4.552	-1.774	4.550	-1.886
31.820	-0.041	0.021	4.550	-1.778	4.548	-1.890
31.841	-0.041	0.022	4.547	-1.782	4.545	-1.894
31.862	-0.041	0.022	4.544	-1.786	4.542	-1.898
31.881	-0.041	0.022	4.542	-1.790	4.540	-1.902
31.901	-0.038	0.026	4.542	-1.790	4.537	-1.906
31.921	-0.039	0.026	4.539	-1.794	4.535	-1.910
31.941	-0.039	0.026	4.537	-1.799	4.532	-1.914
31.961	-0.039	0.026	4.534	-1.803	4.529	-1.918
31.981	-0.039	0.026	4.532	-1.807	4.527	-1.922
32.001	-0.039	0.026	4.529	-1.811	4.524	-1.926
32.022	-0.036	0.030	4.529	-1.811	4.521	-1.931
32.042	-0.036	0.030	4.526	-1.815	4.518	-1.935
32.061	-0.037	0.030	4.524	-1.819	4.516	-1.938
32.081	-0.037	0.030	4.521	-1.823	4.513	-1.942
32.101	-0.037	0.030	4.518	-1.827	4.511	-1.946
32.121	-0.037	0.030	4.516	-1.831	4.508	-1.950
32.141	-0.037	0.030	4.513	-1.835	4.505	-1.954
32.160	-0.038	0.030	4.510	-1.839	4.502	-1.958
32.181	-0.038	0.030	4.508	-1.843	4.500	-1.962
32.200	-0.038	0.030	4.505	-1.847	4.497	-1.966
32.221	-0.038	0.030	4.502	-1.851	4.494	-1.970
32.241	-0.038	0.030	4.499	-1.855	4.491	-1.974
32.260	-0.039	0.030	4.497	-1.859	4.489	-1.977
32.281	-0.039	0.030	4.494	-1.863	4.486	-1.981
32.300	-0.039	0.030	4.491	-1.867	4.483	-1.985
32.320	-0.039	0.030	4.489	-1.871	4.480	-1.989
32.341	-0.039	0.030	4.486	-1.875	4.478	-1.993
32.361	-0.039	0.030	4.483	-1.878	4.475	-1.996
32.381	-0.039	0.030	4.480	-1.882	4.472	-2.000
32.401	-0.040	0.030	4.478	-1.886	4.469	-2.004
32.423	-0.039	0.031	4.475	-1.890	4.466	-2.008
32.440	-0.040	0.030	4.472	-1.894	4.463	-2.011
32.460	-0.040	0.030	4.469	-1.898	4.461	-2.015
32.481	-0.040	0.031	4.467	-1.901	4.458	-2.019
32.500	-0.040	0.030	4.464	-1.905	4.455	-2.023
32.520	-0.040	0.030	4.461	-1.909	4.452	-2.026
32.540	-0.041	0.030	4.458	-1.913	4.449	-2.030
32.560	-0.041	0.031	4.455	-1.916	4.446	-2.034
32.581	-0.041	0.031	4.453	-1.920	4.443	-2.037
32.600	-0.041	0.031	4.450	-1.924	4.441	-2.041
32.621	-0.041	0.031	4.447	-1.927	4.438	-2.045
32.640	-0.041	0.031	4.444	-1.931	4.435	-2.048
32.661	-0.041	0.031	4.441	-1.935	4.432	-2.052
32.680	-0.041	0.031	4.439	-1.938	4.429	-2.055
32.701	-0.041	0.031	4.436	-1.942	4.426	-2.059
32.720	-0.042	0.031	4.433	-1.946	4.423	-2.062
32.740	-0.042	0.031	4.430	-1.949	4.420	-2.066
32.761	-0.042	0.031	4.427	-1.953	4.417	-2.070
32.780	-0.042	0.031	4.424	-1.956	4.414	-2.073
32.800	-0.042	0.031	4.422	-1.960	4.411	-2.077
32.821	-0.042	0.031	4.419	-1.964	4.408	-2.080
32.840	-0.042	0.031	4.416	-1.967	4.405	-2.083
32.861	-0.042	0.032	4.413	-1.971	4.402	-2.087
32.881	-0.042	0.032	4.410	-1.974	4.399	-2.091
32.900	-0.043	0.032	4.407	-1.978	4.397	-2.094
32.920	-0.043	0.032	4.404	-1.981	4.394	-2.097
32.940	-0.043	0.032	4.401	-1.985	4.391	-2.101
32.960	-0.043	0.032	4.398	-1.988	4.388	-2.104
32.980	-0.043	0.032	4.396	-1.992	4.384	-2.108
33.000	-0.043	0.032	4.393	-1.995	4.381	-2.111
33.020	-0.043	0.032	4.390	-1.998	4.378	-2.114
33.041	-0.043	0.032	4.387	-2.002	4.375	-2.118
33.061	-0.043	0.032	4.384	-2.005	4.372	-2.121
33.080	-0.044	0.032	4.381	-2.009	4.369	-2.124
33.100	-0.044	0.032	4.378	-2.012	4.366	-2.128
33.120	-0.044	0.032	4.375	-2.015	4.363	-2.131
33.142	-0.040	0.036	4.375	-2.015	4.360	-2.134
33.162	-0.040	0.036	4.372	-2.019	4.357	-2.138
33.180	-0.038	0.039	4.372	-2.019	4.354	-2.141
33.202	-0.038	0.039	4.369	-2.022	4.351	-2.144
33.221	-0.038	0.039	4.366	-2.025	4.348	-2.147
33.241	-0.038	0.039	4.363	-2.029	4.345	-2.150
33.260	-0.038	0.039	4.360	-2.032	4.342	-2.154
33.281	-0.039	0.039	4.357	-2.035	4.338	-2.157
33.301	-0.039	0.039	4.353	-2.038	4.335	-2.160
33.320	-0.039	0.039	4.350	-2.042	4.332	-2.163
33.341	-0.039	0.040	4.347	-2.045	4.329	-2.166
33.361	-0.043	0.037	4.341	-2.051	4.326	-2.169
33.380	-0.043	0.037	4.338	-2.055	4.323	-2.172
33.400	-0.043	0.037	4.335	-2.058	4.320	-2.176
33.420	-0.043	0.037	4.332	-2.061	4.316	-2.179
33.440	-0.044	0.037	4.329	-2.064	4.313	-2.182
33.460	-0.044	0.037	4.326	-2.067	4.310	-2.185
33.481	-0.044	0.037	4.323	-2.070	4.307	-2.188
33.500	-0.044	0.037	4.319	-2.073	4.304	-2.191
33.520	-0.044	0.037	4.316	-2.077	4.300	-2.194
33.540	-0.044	0.037	4.313	-2.080	4.297	-2.197
33.560	-0.044	0.037	4.310	-2.083	4.294	-2.200
33.580	-0.044	0.037	4.307	-2.086	4.291	-2.203
33.600	-0.044	0.037	4.304	-2.089	4.288	-2.206
33.621	-0.044	0.038	4.301	-2.092	4.284	-2.209
33.640	-0.045	0.038	4.298	-2.095	4.281	-2.212
33.660	-0.045	0.038	4.294	-2.098	4.278	-2.215
33.680	-0.045	0.038	4.291	-2.101	4.275	-2.218
33.700	-0.045	0.038	4.288	-2.104	4.271	-2.220
33.720	-0.045	0.038	4.285	-2.107	4.268	-2.223
33.740	-0.045	0.038	4.282	-2.110	4.265	-2.226
33.761	-0.045	0.038	4.279	-2.113	4.261	-2.229
33.780	-0.045	0.038	4.275	-2.116	4.258	-2.232
33.800	-0.045	0.038	4.272	-2.119	4.255	-2.235
33.820	-0.046	0.038	4.269	-2.121	4.252	-2.237
33.841	-0.046	0.039	4.266	-2.124	4.248	-2.240
33.860	-0.046	0.039	4.263	-2.127	4.245	-2.243
33.880	-0.046	0.039	4.259	-2.130	4.242	-2.246
33.900	-0.046	0.039	4.256	-2.133	4.238	-2.249
33.920	-0.046	0.039	4.253	-2.136	4.235	-2.251
33.941	-0.046	0.039	4.250	-2.138	4.232	-2.254
33.960	-0.046	0.039	4.247	-2.141	4.228	-2.257
33.981	-0.046	0.039	4.243	-2.144	4.225	-2.259
34.001	-0.046	0.040	4.240	-2.147	4.222	-2.262
34.020	-0.047	0.040	4.237	-2.149	4.218	-2.265
34.040	-0.047	0.040	4.234	-2.152	4.215	-2.267
34.060	-0.047	0.040	4.230	-2.155	4.211	-2.270
34.080	-0.047	0.040	4.227	-2.157	4.208	-2.273
34.101	-0.047	0.040	4.224	-2.160	4.205	-2.275
34.120	-0.047	0.040	4.221	-2.163	4.201	-2.278
34.140	-0.044	0.043	4.221	-2.163	4.198	-2.281
34.161	-0.044	0.043	4.217	-2.165	4.194	-2.283
34.181	-0.044	0.043	4.214	-2.168	4.191	-2.286
34.200	-0.044	0.043	4.211	-2.171	4.188	-2.288
34.220	-0.044	0.043	4.207	-2.173	4.184	-2.291
34.241	-0.041	0.046	4.207	-2.173	4.181	-2.293
34.261	-0.044	0.044	4.200	-2.178	4.177	-2.296
34.281	-0.045	0.044	4.197	-2.181	4.174	-2.298
34.301	-0.045	0.044	4.194	-2.183	4.170	-2.301
34.321	-0.045	0.044	4.190	-2.186	4.167	-2.303
34.340	-0.045	0.044	4.187	-2.188	4.163	-2.306
34.360	-0.045	0.045	4.183	-2.191	4.160	-2.308
34.380	-0.045	0.045	4.180	-2.193	4.156	-2.310
34.401	-0.045	0.045	4.177	-2.196	4.153	-2.313
34.421	-0.046	0.045	4.173	-2.198	4.149	-2.315
34.440	-0.046	0.045	4.170	-2.201	4.146	-2.317
34.460	-0.046	0.045	4.166	-2.203	4.142	-2.320
34.481	-0.046	0.045	4.163	-2.206	4.139	-2.322
34.500	-0.046	0.046	4.160	-2.208	4.135	-2.324
34.520	-0.046	0.046	4.156	-2.210	4.132	-2.327
34.540	-0.046	0.046	4.153	-2.213	4.128	-2.329
34.560	-0.046	0.046	4.149	-2.215	4.125	-2.331
34.581	-0.047	0.046	4.146	-2.217	4.121	-2.334
34.600	-0.047	0.046	4.142	-2.220	4.118	-2.336
34.620	-0.047	0.046	4.139	-2.222	4.114	-2.338
34.641	-0.047	0.047	4.136	-2.224	4.110	-2.340
34.660	-0.047	0.047	4.132	-2.227	4.107	-2.343
34.680	-0.047	0.047	4.129	-2.229	4.103	-2.345
34.700	-0.047	0.047	4.125	-2.231	4.100	-2.347
34.720	-0.047	0.047	4.122	-2.233	4.096	-2.349
34.740	-0.047	0.047	4.118	-2.235	4.092	-2.351
34.760	-0.047	0.048	4.115	-2.238	4.089	-2.353
34.780	-0.047	0.048	4.111	-2.240	4.085	-2.355
34.801	-0.048	0.048	4.108	-2.242	4.082	-2.358
34.821	-0.048	0.048	4.104	-2.244	4.078	-2.360
34.840	-0.048	0.048	4.101	-2.246	4.074	-2.362
34.860	-0.048	0.048	4.097	-2.248	4.071	-2.364
34.880	-0.048	0.049	4.094	-2.250	4.067	-2.366
34.900	-0.048	0.049	4.090	-2.253	4.063	-2.368
34.920	-0.048	0.049	4.087	-2.255	4.060	-2.370
34.940	-0.048	0.049	4.083	-2.257	4.056	-2.372
34.960	-0.048	0.049	4.080	-2.259	4.052	-2.374
34.980	-0.048	0.050	4.076	-2.261	4.049	-2.376
35.000	-0.048	0.050	4.073	-2.263	4.045	-2.378
35.020	-0.048	0.050	4.069	-2.265	4.041	-2.380
35.040	-0.048	0.050	4.065	-2.267	4.038	-2.382
35.060	-0.049	0.050	4.062	-2.269	4.034	-2.383
35.081	-0.049	0.050	4.058	-2.271	4.030	-2.385
35.100	-0.049	0.051	4.055	-2.273	4.026	-2.387
35.121	-0.049	0.051	4.051	-2.275	4.023	-2.389
35.140	-0.049	0.051	4.048	-2.277	4.019	-2.391
35.160	-0.049	0.051	4.044	-2.278	4.015	-2.393
35.180	-0.049	0.051	4.040	-2.280	4.012	-2.395
35.201	-0.049	0.052	4.037	-2.282	4.008	-2.396
35.221	-0.049	0.052	4.033	-2.284	4.004	-2.398
35.241	-0.049	0.052	4.030	-2.286	4.000	-2.400
35.260	-0.049	0.052	4.026	-2.288	3.996	-2.402
35.280	-0.049	0.052	4.022	-2.289	3.993	-2.403
35.301	-0.049	0.053	4.019	-2.291	3.989	-2.405
35.320	-0.049	0.053	4.015	-2.293	3.985	-2.407
35.340	-0.049	0.053	4.012	-2.295	3.981	-2.409
35.360	-0.049	0.053	4.008	-2.296	3.978	-2.410
35.380	-0.049	0.053	4.004	-2.298	3.974	-2.412
35.400	-0.049	0.054	4.001	-2.300	3.970	-2.413
35.420	-0.049	0.054	3.997	-2.302	3.966	-2.415
35.441	-0.049	0.054	3.993	-2.303	3.962	-2.417
35.460	-0.049	0.054	3.990	-2.305	3.958	-2.418
35.481	-0.049	0.055	3.986	-2.307	3.955	-2.420
35.500	-0.050	0.055	3.982	-2.308	3.951	-2.421
35.520	-0.050	0.055	3.979	-2.310	3.947	-2.423
35.540	-0.050	0.055	3.975	-2.311	3.943	-2.425
35.560	-0.050	0.055	3.971	-2.313	3.939	-2.426
35.580	-0.050	0.056	3.968	-2.315	3.935	-2.428
35.601	-0.050	0.056	3.964	-2.316	3.931	-2.429
35.621	-0.050	0.056	3.960	-2.318	3.927	-2.431
35.640	-0.050	0.056	3.956	-2.319	3.924	-2.432
35.660	-0.050	0.056	3.953	-2.321	3.920	-2.433
35.680	-0.050	0.056	3.949	-2.323	3.916	-2.435
35.700	-0.050	0.057	3.945	-2.324	3.912	-2.436
35.720	-0.050	0.057	3.941	-2.326	3.908	-2.438
35.740	-0.050	0.057	3.938	-2.327	3.904	-2.439
35.761	-0.050	0.057	3.934	-2.329	3.900	-2.441
35.780	-0.050	0.057	3.930	-2.330	3.896	-2.442
35.801	-0.050	0.057	3.926	-2.331	3.892	-2.443
35.820	-0.050	0.058	3.923	-2.333	3.888	-2.445
35.840	-0.050	0.058	3.919	-2.334	3.884	-2.446
35.861	-0.050	0.058	3.915	-2.336	3.880	-2.447
35.880	-0.050	0.058	3.911	-2.337	3.876	-2.448
35.900	-0.050	0.059	3.908	-2.338	3.872	-2.450
35.921	-0.050	0.059	3.904	-2.340	3.868	-2.451
35.941	-0.050	0.059	3.900	-2.341	3.864	-2.452
35.961	-0.049	0.059	3.896	-2.342	3.860	-2.453
35.981	-0.049	0.060	3.893	-2.343	3.856	-2.455
36.001	-0.049	0.060	3.889	-2.345	3.852	-2.456
36.021	-0.049	0.060	3.885	-2.346	3.848	-2.457
36.041	-0.049	0.060	3.881	-2.347	3.844	-2.458
36.061	-0.049	0.061	3.877	-2.348	3.840	-2.459
36.081	-0.049	0.061	3.874	-2.350	3.836	-2.460
36.101	-0.049	0.061	3.870	-2.351	3.832	-2.461
36.121	-0.045	0.062	3.870	-2.351	3.828	-2.463
36.141	-0.045	0.062	3.866	-2.352	3.824	-2.464
36.160	-0.045	0.062	3.862	-2.353	3.820	-2.465
36.180	-0.045	0.063	3.858	-2.354	3.816	-2.466
36.201	-0.045	0.063	3.854	-2.355	3.812	-2.467
36.221	-0.045	0.063	3.851	-2.356	3.808	-2.468
36.240	-0.045	0.064	3.847	-2.357	3.804	-2.469
36.261	-0.045	0.064	3.843	-2.359	3.800	-2.470
36.281	-0.045	0.064	3.839	-2.360	3.796	-2.471
36.300	-0.045	0.064	3.835	-2.361	3.792	-2.472
36.320	-0.045	0.065	3.831	-2.362	3.788	-2.473
36.341	-0.045	0.065	3.827	-2.363	3.783	-2.474
36.360	-0.045	0.065	3.823	-2.364	3.779	-2.474
36.380	-0.045	0.065	3.819	-2.365	3.775	-2.475
36.401	-0.045	0.066	3.815	-2.366	3.771	-2.476
36.421	-0.045	0.066	3.811	-2.367	3.767	-2.477
36.440	-0.045	0.066	3.808	-2.368	3.763	-2.478
36.460	-0.045	0.066	3.804	-2.368	3.759	-2.479
36.480	-0.045	0.066	3.800	-2.369	3.755	-2.480
36.501	-0.045	0.067	3.796	-2.370	3.750	-2.480
36.521	-0.045	0.067	3.792	-2.371	3.746	-2.481
36.541	-0.045	0.067	3.788	-2.372	3.742	-2.482
36.561	-0.045	0.068	3.784	-2.373	3.738	-2.483
36.580	-0.045	0.068	3.780	-2.374	3.734	-2.483
36.600	-0.045	0.068	3.776	-2.375	3.730	-2.484
36.620	-0.045	0.068	3.772	-2.375	3.725	-2.485
36.640	-0.045	0.068	3.768	-2.376	3.721	-2.485
36.660	-0.045	0.069	3.764	-2.377	3.717	-2.486
36.680	-0.044	0.069	3.760	-2.378	3.713	-2.487
36.700	-0.044	0.069	3.756	-2.378	3.709	-2.487
36.721	-0.044	0.069	3.752	-2.379	3.704	-2.488
36.741	-0.044	0.070	3.748	-2.380	3.700	-2.489
36.761	-0.044	0.070	3.744	-2.381	3.696	-2.489
36.780	-0.044	0.070	3.740	-2.381	3.692	-2.490
36.801	-0.044	0.070	3.736	-2.382	3.687	-2.490
36.821	-0.044	0.071	3.732	-2.383	3.683	-2.491
36.841	-0.044	0.071	3.728	-2.383	3.679	-2.491
36.861	-0.044	0.071	3.724	-2.384	3.675	-2.492
36.881	-0.043	0.071	3.720	-2.385	3.670	-2.492
36.901	-0.043	0.071	3.716	-2.385	3.666	-2.493
36.921	-0.043	0.072	3.712	-2.386	3.662	-2.493
36.941	-0.043	0.072	3.708	-2.386	3.658	-2.494
36.961	-0.043	0.072	3.704	-2.387	3.653	-2.494
36.980	-0.043	0.072	3.700	-2.387	3.649	-2.495
37.001	-0.043	0.073	3.696	-2.388	3.645	-2.495
37.021	-0.043	0.073	3.692	-2.388	3.640	-2.495
37.041	-0.043	0.073	3.687	-2.389	3.636	-2.496
37.061	-0.043	0.073	3.683	-2.389	3.632	-2.496
37.081	-0.042	0.073	3.679	-2.390	3.627	-2.497
37.101	-0.042	0.074	3.675	-2.390	3.623	-2.497
37.121	-0.042	0.074	3.671	-2.391	3.619	-2.497
37.140	-0.042	0.074	3.667	-2.391	3.614	-2.497
37.160	-0.042	0.074	3.663	-2.392	3.610	-2.498
37.181	-0.042	0.074	3.659	-2.392	3.606	-2.498
37.201	-0.042	0.075	3.655	-2.393	3.601	-2.498
37.221	-0.041	0.075	3.651	-2.393	3.597	-2.498
37.240	-0.041	0.075	3.647	-2.393	3.593	-2.499
37.260	-0.041	0.075	3.642	-2.394	3.588	-2.499
37.281	-0.041	0.075	3.638	-2.394	3.584	-2.499
37.301	-0.041	0.076	3.634	-2.394	3.580	-2.499
37.320	-0.041	0.076	3.630	-2.395	3.575	-2.499
37.340	-0.041	0.076	3.626	-2.395	3.571	-2.499
37.361	-0.040	0.076	3.622	-2.395	3.566	-2.500
37.381	-0.040	0.076	3.618	-2.395	3.562	-2.500
37.400	-0.040	0.077	3.613	-2.396	3.558	-2.500
37.420	-0.040	0.077	3.609	-2.396	3.553	-2.500
37.440	-0.040	0.077	3.605	-2.396	3.549	-2.500
37.461	-0.040	0.077	3.601	-2.396	3.544	-2.500
37.481	-0.040	0.077	3.597	-2.397	3.540	-2.500
37.500	-0.040	0.078	3.593	-2.397	3.535	-2.500
37.521	-0.039	0.078	3.588	-2.397	3.531	-2.500
37.540	-0.039	0.078	3.584	-2.397	3.527	-2.500
37.560	-0.039	0.078	3.580	-2.397	3.522	-2.500
37.580	-0.039	0.078	3.576	-2.397	3.518	-2.500
37.600	-0.039	0.079	3.572	-2.397	3.513	-2.500
37.620	-0.039	0.079	3.567	-2.398	3.509	-2.500
37.641	-0.038	0.079	3.563	-2.398	3.504	-2.500
37.660	-0.038	0.079	3.559	-2.398	3.500	-2.499
37.680	-0.038	0.079	3.555	-2.398	3.495	-2.499
37.700	-0.038	0.079	3.550	-2.398	3.491	-2.499
37.720	-0.038	0.080	3.546	-2.398	3.486	-2.499
37.741	-0.037	0.080	3.542	-2.398	3.482	-2.499
37.760	-0.037	0.080	3.538	-2.398	3.477	-2.499
37.781	-0.037	0.080	3.534	-2.398	3.473	-2.498
37.800	-0.037	0.081	3.529	-2.398	3.468	-2.498
37.820	-0.037	0.081	3.525	-2.398	3.464	-2.498
37.842	-0.036	0.081	3.521	-2.397	3.459	-2.498
37.860	-0.036	0.081	3.517	-2.397	3.455	-2.497
37.880	-0.036	0.081	3.512	-2.397	3.450	-2.497
37.900	-0.036	0.082	3.508	-2.397	3.445	-2.497
37.920	-0.035	0.082	3.504	-2.397	3.441	-2.497
37.940	-0.035	0.082	3.500	-2.397	3.436	-2.496
37.960	-0.035	0.082	3.496	-2.397	3.432	-2.496
37.980	-0.035	0.082	3.491	-2.396	3.427	-2.495
38.001	-0.034	0.083	3.487	-2.396	3.423	-2.495
38.021	-0.034	0.083	3.483	-2.396	3.418	-2.495
38.040	-0.034	0.083	3.479	-2.396	3.413	-2.494
38.060	-0.033	0.083	3.474	-2.395	3.409	-2.494
38.080	-0.033	0.083	3.470	-2.395	3.404	-2.493
38.101	-0.033	0.084	3.466	-2.395	3.400	-2.493
38.121	-0.033	0.084	3.461	-2.395	3.395	-2.492
38.140	-0.032	0.084	3.457	-2.394	3.390	-2.492
38.161	-0.032	0.084	3.453	-2.394	3.386	-2.491
38.180	-0.032	0.084	3.448	-2.394	3.381	-2.491
38.200	-0.032	0.084	3.444	-2.393	3.377	-2.490
38.221	-0.031	0.084	3.440	-2.393	3.372	-2.490
38.240	-0.031	0.085	3.436	-2.393	3.367	-2.489
38.260	-0.031	0.085	3.431	-2.392	3.363	-2.489
38.280	-0.031	0.085	3.427	-2.392	3.358	-2.488
38.300	-0.030	0.085	3.423	-2.391	3.353	-2.487
38.321	-0.030	0.085	3.418	-2.391	3.349	-2.487
38.340	-0.030	0.085	3.414	-2.391	3.344	-2.486
38.360	-0.029	0.085	3.409	-2.390	3.339	-2.485
38.380	-0.029	0.086	3.405	-2.390	3.335	-2.485
38.400	-0.029	0.086	3.401	-2.389	3.330	-2.484
38.420	-0.029	0.086	3.396	-2.389	3.325	-2.483
38.440	-0.028	0.086	3.392	-2.388	3.321	-2.483
38.460	-0.028	0.086	3.388	-2.388	3.316	-2.482
38.481	-0.028	0.086	3.383	-2.387	3.311	-2.481
38.501	-0.027	0.086	3.379	-2.387	3.306	-2.480
38.520	-0.027	0.086	3.374	-2.386	3.302	-2.479
38.540	-0.027	0.087	3.370	-2.386	3.297	-2.479
38.560	-0.027	0.087	3.366	-2.385	3.292	-2.478
38.580	-0.026	0.087	3.361	-2.385	3.288	-2.477
38.601	-0.026	0.087	3.357	-2.384	3.283	-2.476
38.620	-0.026	0.087	3.352	-2.383	3.278	-2.475
38.641	-0.025	0.087	3.348	-2.383	3.273	-2.474
38.660	-0.025	0.087	3.343	-2.382	3.269	-2.473
38.680	-0.025	0.087	3.339	-2.381	3.264	-2.473
38.700	-0.025	0.087	3.334	-2.381	3.259	-2.472
38.721	-0.024	0.087	3.330	-2.380	3.254	-2.471
38.741	-0.024	0.087	3.325	-2.379	3.249	-2.470
38.760	-0.024	0.087	3.321	-2.379	3.245	-2.469
38.782	-0.023	0.087	3.316	-2.378	3.240	-2.468
38.800	-0.019	0.087	3.316	-2.378	3.235	-2.467
38.820	-0.018	0.087	3.312	-2.377	3.230	-2.466
38.840	-0.018	0.087	3.308	-2.376	3.226	-2.465
38.860	-0.018	0.087	3.303	-2.376	3.221	-2.464
38.881	-0.018	0.087	3.298	-2.375	3.216	-2.462
38.900	-0.018	0.087	3.294	-2.374	3.211	-2.461
38.921	-0.017	0.087	3.289	-2.373	3.206	-2.460
38.940	-0.017	0.087	3.284	-2.372	3.202	-2.459
38.961	-0.017	0.087	3.280	-2.372	3.197	-2.458
38.981	-0.017	0.087	3.275	-2.371	3.192	-2.457
39.000	-0.017	0.087	3.270	-2.370	3.187	-2.456
39.020	-0.016	0.087	3.266	-2.369	3.182	-2.455
39.040	-0.016	0.087	3.261	-2.368	3.177	-2.453
39.060	-0.016	0.087	3.256	-2.367	3.172	-2.452
39.081	-0.016	0.087	3.252	-2.366	3.168	-2.451
39.100	-0.016	0.087	3.247	-2.365	3.163	-2.450
39.120	-0.016	0.087	3.242	-2.364	3.158	-2.448
39.140	-0.015	0.087	3.238	-2.363	3.153	-2.447
39.160	-0.015	0.087	3.233	-2.362	3.148	-2.446
39.180	-0.015	0.087	3.228	-2.361	3.143	-2.444
39.200	-0.015	0.087	3.223	-2.360	3.138	-2.443
39.220	-0.015	0.087	3.219	-2.359	3.133	-2.442
39.240	-0.014	0.087	3.214	-2.358	3.129	-2.440
39.261	-0.014	0.087	3.209	-2.357	3.124	-2.439
39.281	-0.014	0.087	3.204	-2.356	3.119	-2.438
39.301	-0.014	0.087	3.200	-2.355	3.114	-2.436
39.320	-0.014	0.087	3.195	-2.354	3.109	-2.435
39.340	-0.014	0.087	3.190	-2.353	3.104	-2.433
39.361	-0.013	0.087	3.185	-2.352	3.099	-2.432
39.380	-0.013	0.087	3.181	-2.351	3.094	-2.431
39.401	-0.013	0.087	3.176	-2.350	3.089	-2.429
39.421	-0.013	0.087	3.171	-2.348	3.084	-2.428
39.440	-0.012	0.087	3.167	-2.347	3.079	-2.426
39.461	-0.012	0.088	3.162	-2.346	3.074	-2.425
39.480	-0.012	0.088	3.157	-2.345	3.069	-2.423
39.500	-0.011	0.088	3.153	-2.343	3.064	-2.421
39.520	-0.011	0.088	3.148	-2.342	3.059	-2.420
39.540	-0.011	0.088	3.143	-2.341	3.054	-2.418
39.561	-0.011	0.088	3.138	-2.340	3.049	-2.417
39.580	-0.010	0.088	3.134	-2.338	3.045	-2.415
39.601	-0.010	0.088	3.129	-2.337	3.040	-2.413
39.620	-0.010	0.088	3.124	-2.336	3.035	-2.412
39.641	-0.010	0.088	3.119	-2.334	3.030	-2.410
39.661	-0.009	0.088	3.114	-2.333	3.025	-2.408
39.681	-0.009	0.088	3.110	-2.332	3.020	-2.407
39.700	-0.009	0.088	3.105	-2.330	3.015	-2.405
39.720	-0.009	0.087	3.100	-2.329	3.010	-2.403
39.740	-0.008	0.087	3.095	-2.327	3.005	-2.402
39.761	-0.008	0.087	3.091	-2.326	2.999	-2.400
39.781	-0.008	0.087	3.086	-2.325	2.994	-2.398
39.801	-0.007	0.087	3.081	-2.323	2.989	-2.396
39.820	-0.007	0.087	3.076	-2.322	2.984	-2.394
39.841	-0.007	0.087	3.071	-2.320	2.979	-2.393
39.860	-0.007	0.087	3.066	-2.319	2.974	-2.391
39.880	-0.006	0.087	3.062	-2.317	2.969	-2.389
39.901	-0.006	0.087	3.057	-2.316	2.964	-2.387
39.920	-0.006	0.087	3.052	-2.314	2.959	-2.385
39.941	-0.006	0.087	3.047	-2.313	2.954	-2.383
39.960	-0.005	0.087	3.042	-2.311	2.949	-2.381
39.981	-0.005	0.087	3.037	-2.310	2.944	-2.380
40.001	-0.005	0.087	3.032	-2.308	2.939	-2.378
40.020	-0.005	0.087	3.027	-2.307	2.934	-2.376
40.041	-0.004	0.087	3.023	-2.305	2.929	-2.374
40.060	-0.004	0.086	3.018	-2.303	2.924	-2.372
40.081	-0.004	0.086	3.013	-2.302	2.918	-2.370
40.101	-0.004	0.086	3.008	-2.300	2.913	-2.368
40.120	-0.003	0.086	3.003	-2.298	2.908	-2.366
40.140	-0.003	0.086	2.998	-2.297	2.903	-2.364
40.160	-0.003	0.086	2.993	-2.295	2.898	-2.362
40.181	-0.003	0.086	2.988	-2.293	2.893	-2.360
40.200	-0.003	0.086	2.983	-2.292	2.888	-2.357
40.220	-0.002	0.086	2.978	-2.290	2.883	-2.355
40.241	-0.002	0.086	2.973	-2.288	2.877	-2.353
40.260	-0.002	0.086	2.968	-2.286	2.872	-2.351
40.280	-0.002	0.085	2.963	-2.285	2.867	-2.349
40.301	-0.001	0.085	2.958	-2.283	2.862	-2.347
40.320	-0.001	0.085	2.953	-2.281	2.857	-2.345
40.340	-0.001	0.085	2.948	-2.279	2.852	-2.342
40.361	-0.001	0.085	2.943	-2.278	2.847	-2.340
40.380	-0.000	0.085	2.938	-2.276	2.841	-2.338
40.401	-0.000	0.085	2.933	-2.274	2.836	-2.336
40.421	0.000	0.085	2.928	-2.272	2.831	-2.334
40.440	0.000	0.085	2.923	-2.270	2.826	-2.331
40.460	0.000	0.084	2.918	-2.268	2.821	-2.329
