Tiempo	Error_X	Error_Y	Pos_Xd	Pos_Yd	Xdp	Ydp
0.031	0.010	0.010	0.000	0.000	0.301	3.156
0.134	0.042	0.042	-0.001	0.000	0.306	3.202
0.237	0.074	0.074	-0.001	0.000	0.311	3.250
0.339	0.106	0.106	0.006	0.005	0.321	3.226
0.442	0.139	0.139	0.026	0.020	0.340	3.054
0.545	0.171	0.171	0.070	0.053	0.371	2.633
0.647	0.203	0.203	0.120	0.097	0.397	2.114
0.750	0.236	0.235	0.181	0.160	0.418	1.459
0.853	0.268	0.267	0.237	0.231	0.427	0.828
0.955	0.300	0.299	0.281	0.301	0.428	0.281
1.058	0.332	0.331	0.311	0.362	0.425	-0.198
1.162	0.365	0.364	0.325	0.411	0.421	-0.628
1.265	0.397	0.396	0.343	0.456	0.416	-0.885
1.367	0.429	0.427	0.368	0.495	0.415	-0.926
1.471	0.461	0.460	0.411	0.534	0.416	-0.726
1.574	0.494	0.491	0.453	0.561	0.419	-0.423
1.676	0.526	0.523	0.500	0.587	0.419	-0.113
1.779	0.558	0.554	0.543	0.607	0.418	0.174
1.882	0.590	0.586	0.583	0.625	0.416	0.397
1.985	0.622	0.617	0.618	0.644	0.415	0.521
2.087	0.654	0.648	0.651	0.672	0.415	0.482
2.191	0.686	0.680	0.679	0.705	0.416	0.318
2.294	0.718	0.711	0.702	0.741	0.416	0.075
2.396	0.750	0.741	0.728	0.786	0.414	-0.205
2.499	0.782	0.772	0.751	0.822	0.412	-0.367
2.602	0.814	0.803	0.778	0.856	0.411	-0.437
2.706	0.846	0.834	0.802	0.880	0.412	-0.408
2.810	0.878	0.865	0.843	0.910	0.411	-0.237
2.914	0.910	0.895	0.879	0.930	0.411	-0.033
3.018	0.942	0.925	0.916	0.949	0.410	0.158
3.121	0.974	0.956	0.952	0.970	0.408	0.282
3.225	1.006	0.986	0.985	0.993	0.407	0.331
3.327	1.038	1.015	1.016	1.021	0.407	0.270
3.431	1.069	1.045	1.043	1.052	0.406	0.140
3.533	1.101	1.074	1.068	1.085	0.405	-0.020
3.636	1.132	1.103	1.094	1.118	0.404	-0.156
3.739	1.164	1.132	1.126	1.156	0.401	-0.248
3.842	1.195	1.161	1.155	1.184	0.399	-0.252
3.945	1.227	1.189	1.186	1.210	0.398	-0.200
4.047	1.258	1.217	1.220	1.233	0.397	-0.099
4.149	1.289	1.245	1.253	1.255	0.396	0.008
4.252	1.320	1.273	1.287	1.277	0.394	0.094
4.355	1.351	1.301	1.319	1.300	0.393	0.138
4.459	1.382	1.329	1.350	1.325	0.391	0.130
4.561	1.413	1.356	1.380	1.352	0.390	0.080
4.664	1.444	1.383	1.408	1.380	0.388	0.008
4.766	1.475	1.409	1.441	1.414	0.385	-0.075
4.870	1.506	1.436	1.469	1.441	0.383	-0.125
4.974	1.537	1.463	1.498	1.468	0.381	-0.145
5.078	1.568	1.489	1.528	1.492	0.380	-0.129
5.180	1.599	1.515	1.559	1.515	0.378	-0.088
5.284	1.630	1.541	1.591	1.537	0.376	-0.038
5.389	1.661	1.567	1.622	1.559	0.375	0.006
5.492	1.691	1.592	1.653	1.581	0.373	0.032
5.595	1.722	1.617	1.678	1.599	0.372	0.032
5.699	1.752	1.641	1.702	1.617	0.371	0.020
5.802	1.783	1.665	1.737	1.646	0.368	-0.007
5.905	1.813	1.690	1.765	1.669	0.366	-0.036
6.008	1.843	1.713	1.794	1.693	0.364	-0.061
6.111	1.873	1.737	1.829	1.721	0.360	-0.073
6.214	1.903	1.760	1.859	1.743	0.358	-0.075
6.316	1.933	1.782	1.888	1.764	0.356	-0.066
6.419	1.962	1.805	1.918	1.785	0.354	-0.054
6.522	1.992	1.827	1.948	1.805	0.351	-0.041
6.624	2.022	1.849	1.977	1.825	0.349	-0.031
6.728	2.051	1.871	2.007	1.845	0.347	-0.028
6.831	2.081	1.892	2.036	1.865	0.345	-0.030
6.934	2.110	1.913	2.065	1.885	0.342	-0.036
7.036	2.139	1.933	2.099	1.909	0.339	-0.043
7.138	2.168	1.954	2.128	1.928	0.336	-0.053
7.242	2.198	1.974	2.157	1.947	0.334	-0.060
7.345	2.226	1.993	2.185	1.966	0.332	-0.065
7.447	2.255	2.013	2.214	1.985	0.329	-0.067
7.549	2.284	2.032	2.242	2.002	0.327	-0.066
7.655	2.313	2.051	2.271	2.020	0.324	-0.063
7.758	2.342	2.069	2.299	2.036	0.322	-0.059
7.860	2.370	2.087	2.327	2.053	0.319	-0.056
7.962	2.398	2.104	2.361	2.073	0.316	-0.050
8.065	2.427	2.122	2.389	2.089	0.313	-0.052
8.168	2.455	2.139	2.417	2.104	0.311	-0.054
8.271	2.483	2.155	2.445	2.120	0.308	-0.060
8.375	2.511	2.172	2.472	2.135	0.306	-0.066
8.477	2.539	2.187	2.500	2.150	0.303	-0.072
8.579	2.567	2.203	2.527	2.165	0.301	-0.076
8.683	2.594	2.218	2.554	2.179	0.298	-0.078
8.786	2.622	2.233	2.582	2.192	0.296	-0.079
8.889	2.650	2.247	2.609	2.206	0.293	-0.079
8.991	2.677	2.261	2.641	2.221	0.290	-0.073
9.094	2.704	2.274	2.669	2.233	0.287	-0.072
9.197	2.731	2.288	2.695	2.245	0.285	-0.073
9.300	2.758	2.301	2.722	2.257	0.282	-0.076
9.402	2.785	2.313	2.749	2.268	0.280	-0.081
9.505	2.812	2.325	2.775	2.280	0.277	-0.085
9.608	2.838	2.337	2.801	2.290	0.274	-0.090
9.712	2.865	2.348	2.827	2.301	0.272	-0.093
9.815	2.892	2.359	2.859	2.312	0.269	-0.090
9.918	2.918	2.370	2.879	2.320	0.267	-0.098
10.021	2.944	2.380	2.911	2.331	0.264	-0.093
10.124	2.970	2.389	2.936	2.339	0.261	-0.097
10.227	2.996	2.399	2.962	2.347	0.259	-0.098
10.330	3.022	2.408	2.987	2.355	0.257	-0.101
10.433	3.048	2.416	3.013	2.363	0.254	-0.105
10.535	3.073	2.424	3.038	2.370	0.252	-0.108
10.638	3.099	2.432	3.063	2.376	0.249	-0.111
10.742	3.124	2.439	3.088	2.383	0.247	-0.113
10.844	3.149	2.446	3.117	2.389	0.244	-0.108
10.947	3.174	2.453	3.142	2.395	0.242	-0.110
11.050	3.199	2.459	3.166	2.400	0.240	-0.112
11.152	3.224	2.464	3.191	2.404	0.238	-0.116
11.255	3.248	2.469	3.215	2.408	0.235	-0.120
11.357	3.273	2.474	3.238	2.412	0.233	-0.123
11.460	3.297	2.479	3.262	2.416	0.231	-0.129
11.563	3.321	2.483	3.286	2.419	0.229	-0.133
11.666	3.345	2.486	3.309	2.421	0.227	-0.137
11.768	3.369	2.489	3.332	2.423	0.225	-0.141
11.870	3.393	2.492	3.355	2.425	0.224	-0.142
11.974	3.417	2.495	3.382	2.426	0.221	-0.137
12.076	3.440	2.496	3.405	2.427	0.219	-0.139
12.178	3.463	2.498	3.428	2.427	0.218	-0.141
12.281	3.487	2.499	3.450	2.427	0.216	-0.146
12.384	3.510	2.500	3.472	2.427	0.214	-0.150
12.487	3.533	2.500	3.494	2.426	0.213	-0.155
12.590	3.555	2.500	3.516	2.425	0.211	-0.158
12.692	3.578	2.499	3.537	2.424	0.210	-0.162
12.795	3.600	2.498	3.559	2.422	0.209	-0.164
12.897	3.623	2.497	3.580	2.419	0.207	-0.166
12.999	3.645	2.495	3.605	2.416	0.206	-0.159
13.101	3.667	2.493	3.626	2.412	0.204	-0.160
13.204	3.688	2.490	3.647	2.408	0.203	-0.162
13.307	3.710	2.487	3.667	2.405	0.202	-0.167
13.410	3.732	2.484	3.687	2.400	0.201	-0.170
13.513	3.753	2.480	3.708	2.396	0.200	-0.175
13.616	3.775	2.475	3.728	2.390	0.200	-0.179
13.719	3.796	2.471	3.747	2.385	0.199	-0.182
13.821	3.817	2.466	3.767	2.379	0.198	-0.185
13.924	3.837	2.460	3.786	2.373	0.198	-0.187
14.027	3.858	2.454	3.809	2.364	0.197	-0.179
14.129	3.878	2.448	3.828	2.357	0.196	-0.180
14.232	3.899	2.441	3.847	2.350	0.196	-0.181
14.335	3.919	2.434	3.865	2.342	0.195	-0.182
14.438	3.939	2.426	3.883	2.333	0.195	-0.182
14.541	3.959	2.418	3.901	2.325	0.195	-0.183
14.644	3.978	2.410	3.918	2.316	0.195	-0.183
14.747	3.998	2.401	3.936	2.307	0.195	-0.183
14.850	4.017	2.392	3.953	2.297	0.195	-0.183
14.954	4.037	2.382	3.973	2.285	0.195	-0.173
15.056	4.055	2.372	3.990	2.274	0.196	-0.171
15.159	4.074	2.362	4.006	2.263	0.196	-0.169
15.261	4.093	2.351	4.022	2.253	0.196	-0.170
15.364	4.111	2.340	4.038	2.241	0.197	-0.172
15.467	4.130	2.328	4.055	2.230	0.197	-0.175
15.569	4.148	2.316	4.071	2.218	0.198	-0.177
15.672	4.166	2.304	4.086	2.206	0.199	-0.178
15.775	4.183	2.291	4.102	2.194	0.199	-0.178
15.879	4.201	2.278	4.117	2.181	0.200	-0.178
15.981	4.218	2.265	4.132	2.168	0.201	-0.177
16.085	4.236	2.251	4.150	2.152	0.202	-0.166
16.188	4.253	2.236	4.165	2.138	0.203	-0.164
16.290	4.270	2.222	4.179	2.124	0.204	-0.162
16.393	4.287	2.207	4.194	2.110	0.205	-0.162
16.496	4.303	2.191	4.208	2.095	0.206	-0.162
16.599	4.319	2.176	4.222	2.080	0.207	-0.162
16.701	4.336	2.160	4.236	2.065	0.208	-0.162
16.804	4.352	2.143	4.250	2.050	0.210	-0.161
16.907	4.367	2.126	4.264	2.034	0.211	-0.161
17.010	4.383	2.109	4.280	2.015	0.212	-0.150
17.113	4.398	2.092	4.294	1.999	0.213	-0.148
17.215	4.414	2.074	4.307	1.982	0.215	-0.146
17.319	4.429	2.055	4.320	1.965	0.216	-0.146
17.422	4.444	2.037	4.333	1.948	0.218	-0.146
17.525	4.459	2.018	4.346	1.931	0.219	-0.146
17.627	4.473	1.999	4.359	1.913	0.221	-0.146
17.731	4.487	1.979	4.371	1.896	0.222	-0.145
17.835	4.502	1.959	4.384	1.877	0.224	-0.144
17.937	4.516	1.939	4.396	1.859	0.226	-0.142
18.040	4.529	1.918	4.408	1.840	0.227	-0.139
18.144	4.543	1.897	4.420	1.821	0.229	-0.137
18.247	4.557	1.876	4.432	1.801	0.231	-0.134
18.349	4.570	1.855	4.441	1.786	0.233	-0.139
18.452	4.583	1.833	4.455	1.762	0.234	-0.128
18.555	4.596	1.811	4.467	1.742	0.236	-0.125
18.658	4.608	1.788	4.478	1.721	0.238	-0.121
18.763	4.621	1.765	4.489	1.700	0.239	-0.119
18.865	4.633	1.742	4.500	1.679	0.241	-0.117
18.968	4.645	1.719	4.513	1.654	0.242	-0.109
19.072	4.657	1.695	4.524	1.632	0.244	-0.108
19.175	4.669	1.671	4.535	1.611	0.246	-0.108
19.278	4.680	1.647	4.546	1.589	0.247	-0.109
19.381	4.692	1.622	4.556	1.567	0.249	-0.109
19.484	4.703	1.597	4.567	1.544	0.251	-0.110
19.588	4.714	1.572	4.577	1.521	0.253	-0.111
19.692	4.724	1.547	4.587	1.498	0.254	-0.110
19.794	4.735	1.521	4.599	1.471	0.255	-0.101
19.897	4.745	1.496	4.608	1.447	0.257	-0.098
20.000	4.755	1.469	4.617	1.423	0.259	-0.095
20.104	4.765	1.443	4.627	1.399	0.260	-0.095
20.207	4.775	1.416	4.636	1.375	0.262	-0.095
20.309	4.784	1.390	4.645	1.351	0.264	-0.095
20.412	4.794	1.363	4.654	1.326	0.265	-0.096
20.515	4.803	1.336	4.663	1.301	0.267	-0.095
20.618	4.812	1.308	4.672	1.276	0.268	-0.094
20.720	4.820	1.281	4.682	1.246	0.269	-0.086
20.824	4.829	1.253	4.690	1.220	0.271	-0.084
20.927	4.837	1.225	4.698	1.194	0.272	-0.082
21.030	4.845	1.196	4.706	1.168	0.274	-0.083
21.133	4.853	1.168	4.714	1.142	0.275	-0.084
21.235	4.861	1.139	4.722	1.116	0.277	-0.085
21.338	4.868	1.110	4.729	1.089	0.278	-0.086
21.441	4.876	1.081	4.737	1.063	0.280	-0.086
21.545	4.883	1.052	4.744	1.036	0.281	-0.086
21.648	4.889	1.022	4.752	1.003	0.282	-0.078
21.750	4.896	0.993	4.759	0.976	0.283	-0.076
21.853	4.903	0.963	4.765	0.948	0.284	-0.074
21.956	4.909	0.933	4.772	0.920	0.285	-0.074
22.060	4.915	0.903	4.778	0.892	0.287	-0.075
22.162	4.921	0.873	4.784	0.865	0.288	-0.076
22.265	4.926	0.842	4.790	0.836	0.289	-0.076
22.368	4.932	0.812	4.796	0.808	0.290	-0.077
22.471	4.937	0.781	4.802	0.780	0.291	-0.077
22.574	4.942	0.750	4.808	0.745	0.291	-0.070
22.676	4.947	0.720	4.813	0.716	0.292	-0.069
22.779	4.951	0.689	4.818	0.687	0.293	-0.068
22.882	4.956	0.657	4.823	0.658	0.294	-0.068
22.986	4.960	0.626	4.827	0.629	0.295	-0.069
23.088	4.964	0.595	4.832	0.600	0.296	-0.069
23.191	4.968	0.563	4.836	0.571	0.297	-0.070
23.293	4.971	0.532	4.840	0.541	0.298	-0.071
23.396	4.975	0.501	4.844	0.512	0.299	-0.071
23.498	4.978	0.469	4.849	0.476	0.298	-0.065
23.601	4.981	0.437	4.852	0.446	0.299	-0.065
23.703	4.983	0.406	4.855	0.416	0.300	-0.064
23.806	4.986	0.374	4.859	0.386	0.300	-0.064
23.908	4.988	0.342	4.861	0.356	0.301	-0.065
24.011	4.990	0.310	4.864	0.326	0.301	-0.066
24.115	4.992	0.278	4.867	0.296	0.302	-0.066
24.218	4.994	0.245	4.869	0.266	0.302	-0.066
24.320	4.995	0.213	4.871	0.235	0.303	-0.066
24.424	4.997	0.181	4.873	0.205	0.303	-0.066
24.527	4.998	0.149	4.875	0.175	0.304	-0.067
24.631	4.999	0.116	4.877	0.138	0.303	-0.063
24.733	4.999	0.084	4.878	0.108	0.303	-0.064
24.836	5.000	0.051	4.880	0.077	0.304	-0.065
24.939	5.000	0.019	4.881	0.047	0.304	-0.066
25.041	5.000	-0.013	4.881	0.016	0.304	-0.068
25.144	5.000	-0.045	4.882	-0.014	0.304	-0.069
25.246	4.999	-0.077	4.882	-0.045	0.304	-0.069
25.349	4.999	-0.110	4.883	-0.076	0.304	-0.070
25.453	4.998	-0.142	4.883	-0.106	0.304	-0.069
25.555	4.997	-0.174	4.882	-0.143	0.303	-0.064
25.657	4.996	-0.206	4.882	-0.174	0.303	-0.063
25.759	4.994	-0.238	4.881	-0.204	0.303	-0.062
25.862	4.993	-0.270	4.880	-0.235	0.303	-0.063
25.964	4.991	-0.302	4.879	-0.265	0.302	-0.065
26.066	4.989	-0.334	4.878	-0.296	0.302	-0.067
26.169	4.987	-0.366	4.877	-0.326	0.302	-0.068
26.271	4.984	-0.398	4.875	-0.356	0.301	-0.069
26.374	4.981	-0.430	4.873	-0.387	0.301	-0.070
26.477	4.978	-0.461	4.871	-0.417	0.301	-0.070
26.581	4.975	-0.493	4.868	-0.453	0.299	-0.065
26.683	4.972	-0.525	4.866	-0.477	0.300	-0.069
26.786	4.969	-0.556	4.863	-0.514	0.298	-0.064
26.889	4.965	-0.588	4.860	-0.544	0.298	-0.065
26.991	4.961	-0.619	4.857	-0.574	0.297	-0.065
27.093	4.957	-0.650	4.853	-0.603	0.296	-0.067
27.196	4.952	-0.681	4.850	-0.633	0.296	-0.069
27.300	4.948	-0.712	4.846	-0.663	0.295	-0.071
27.402	4.943	-0.743	4.842	-0.692	0.294	-0.072
27.505	4.938	-0.774	4.838	-0.722	0.293	-0.073
27.607	4.933	-0.804	4.833	-0.757	0.292	-0.068
27.710	4.928	-0.835	4.828	-0.786	0.291	-0.068
27.814	4.922	-0.866	4.823	-0.815	0.290	-0.068
27.917	4.916	-0.896	4.818	-0.844	0.289	-0.070
28.019	4.910	-0.926	4.813	-0.873	0.288	-0.072
28.122	4.904	-0.956	4.808	-0.902	0.287	-0.074
28.224	4.898	-0.985	4.802	-0.930	0.286	-0.075
28.327	4.891	-1.015	4.796	-0.958	0.285	-0.075
28.430	4.884	-1.045	4.790	-0.987	0.284	-0.074
28.533	4.877	-1.074	4.784	-1.014	0.283	-0.074
28.636	4.870	-1.103	4.776	-1.048	0.281	-0.068
28.739	4.863	-1.132	4.769	-1.075	0.280	-0.069
28.842	4.855	-1.161	4.762	-1.103	0.278	-0.069
28.944	4.847	-1.189	4.755	-1.130	0.277	-0.071
29.047	4.839	-1.217	4.748	-1.157	0.276	-0.074
29.150	4.831	-1.245	4.741	-1.184	0.275	-0.077
29.252	4.823	-1.273	4.733	-1.210	0.273	-0.080
29.355	4.814	-1.301	4.725	-1.237	0.272	-0.082
29.458	4.805	-1.328	4.717	-1.263	0.270	-0.083
29.560	4.796	-1.355	4.709	-1.289	0.269	-0.083
29.663	4.787	-1.383	4.700	-1.315	0.268	-0.084
29.767	4.777	-1.410	4.690	-1.345	0.265	-0.078
29.870	4.768	-1.436	4.681	-1.371	0.264	-0.079
29.972	4.758	-1.462	4.672	-1.396	0.263	-0.079
30.075	4.748	-1.489	4.662	-1.421	0.261	-0.082
30.178	4.738	-1.514	4.653	-1.445	0.260	-0.085
30.281	4.727	-1.540	4.643	-1.470	0.258	-0.088
30.384	4.717	-1.565	4.633	-1.494	0.256	-0.091
30.487	4.706	-1.590	4.623	-1.518	0.255	-0.093
30.589	4.695	-1.615	4.611	-1.546	0.253	-0.089
30.693	4.684	-1.640	4.600	-1.569	0.251	-0.090
30.797	4.672	-1.664	4.589	-1.592	0.249	-0.091
30.899	4.660	-1.688	4.579	-1.615	0.248	-0.094
31.001	4.649	-1.712	4.568	-1.638	0.246	-0.097
31.104	4.637	-1.735	4.556	-1.660	0.245	-0.100
31.207	4.625	-1.758	4.545	-1.682	0.243	-0.103
31.309	4.612	-1.781	4.533	-1.704	0.241	-0.105
31.412	4.600	-1.803	4.521	-1.725	0.240	-0.109
31.515	4.587	-1.826	4.507	-1.751	0.237	-0.105
31.617	4.574	-1.847	4.494	-1.771	0.236	-0.106
31.720	4.561	-1.869	4.482	-1.792	0.234	-0.107
31.822	4.548	-1.890	4.469	-1.812	0.232	-0.109
31.925	4.534	-1.911	4.456	-1.832	0.231	-0.112
32.027	4.521	-1.932	4.443	-1.851	0.229	-0.115
32.131	4.507	-1.952	4.430	-1.870	0.228	-0.117
32.233	4.492	-1.972	4.417	-1.889	0.226	-0.119
32.335	4.478	-1.992	4.403	-1.907	0.225	-0.121
32.437	4.464	-2.011	4.389	-1.925	0.223	-0.122
32.540	4.449	-2.030	4.375	-1.943	0.221	-0.124
32.643	4.434	-2.049	4.358	-1.964	0.219	-0.119
32.747	4.419	-2.067	4.344	-1.981	0.218	-0.121
32.849	4.404	-2.085	4.329	-1.997	0.216	-0.123
32.952	4.389	-2.103	4.315	-2.014	0.215	-0.128
33.054	4.373	-2.120	4.300	-2.030	0.213	-0.132
33.158	4.357	-2.137	4.285	-2.045	0.212	-0.137
33.261	4.341	-2.154	4.270	-2.061	0.211	-0.141
33.364	4.325	-2.170	4.254	-2.076	0.209	-0.145
33.468	4.309	-2.186	4.239	-2.091	0.208	-0.150
33.570	4.293	-2.201	4.223	-2.105	0.207	-0.152
33.673	4.276	-2.216	4.207	-2.119	0.206	-0.154
33.776	4.259	-2.231	4.188	-2.134	0.204	-0.147
33.878	4.242	-2.245	4.171	-2.147	0.203	-0.148
33.980	4.225	-2.259	4.155	-2.160	0.202	-0.148
34.083	4.208	-2.273	4.138	-2.172	0.201	-0.152
34.186	4.190	-2.286	4.122	-2.184	0.200	-0.156
34.288	4.172	-2.299	4.105	-2.195	0.199	-0.160
34.391	4.155	-2.312	4.088	-2.206	0.198	-0.164
34.493	4.137	-2.324	4.071	-2.217	0.197	-0.167
34.597	4.118	-2.335	4.054	-2.227	0.196	-0.170
34.700	4.100	-2.347	4.033	-2.239	0.195	-0.164
34.803	4.081	-2.358	4.015	-2.249	0.194	-0.167
34.906	4.062	-2.368	3.997	-2.257	0.194	-0.169
35.008	4.044	-2.378	3.980	-2.266	0.193	-0.172
35.112	4.024	-2.388	3.962	-2.274	0.193	-0.175
35.214	4.005	-2.398	3.944	-2.282	0.192	-0.180
35.317	3.986	-2.407	3.925	-2.290	0.192	-0.185
35.420	3.966	-2.415	3.907	-2.297	0.192	-0.188
35.523	3.946	-2.423	3.889	-2.304	0.192	-0.191
35.626	3.926	-2.431	3.870	-2.310	0.191	-0.193
35.728	3.906	-2.438	3.848	-2.317	0.191	-0.186
35.831	3.886	-2.445	3.829	-2.322	0.191	-0.187
35.934	3.866	-2.452	3.810	-2.327	0.191	-0.188
36.037	3.845	-2.458	3.792	-2.332	0.191	-0.191
36.141	3.824	-2.464	3.773	-2.336	0.192	-0.195
36.243	3.803	-2.469	3.754	-2.340	0.192	-0.197
36.346	3.782	-2.474	3.734	-2.344	0.193	-0.199
36.448	3.761	-2.478	3.715	-2.347	0.193	-0.199
36.551	3.740	-2.482	3.696	-2.350	0.194	-0.200
36.653	3.719	-2.486	3.676	-2.352	0.195	-0.199
36.756	3.697	-2.489	3.656	-2.354	0.195	-0.198
36.858	3.675	-2.492	3.637	-2.355	0.196	-0.198
36.960	3.653	-2.494	3.613	-2.356	0.197	-0.187
37.063	3.631	-2.496	3.593	-2.357	0.198	-0.186
37.166	3.609	-2.498	3.573	-2.357	0.199	-0.185
37.269	3.586	-2.499	3.553	-2.357	0.200	-0.187
37.371	3.564	-2.500	3.533	-2.357	0.201	-0.188
37.476	3.541	-2.500	3.513	-2.357	0.203	-0.189
37.579	3.518	-2.500	3.492	-2.356	0.204	-0.190
37.682	3.495	-2.499	3.472	-2.354	0.206	-0.190
37.785	3.472	-2.498	3.447	-2.352	0.207	-0.178
37.888	3.448	-2.497	3.426	-2.350	0.209	-0.177
37.991	3.425	-2.495	3.406	-2.347	0.210	-0.174
38.094	3.401	-2.493	3.385	-2.345	0.212	-0.174
38.197	3.377	-2.490	3.364	-2.342	0.214	-0.173
38.300	3.354	-2.487	3.343	-2.338	0.216	-0.173
38.402	3.330	-2.484	3.322	-2.335	0.218	-0.172
38.506	3.305	-2.480	3.300	-2.331	0.220	-0.172
38.608	3.281	-2.476	3.279	-2.326	0.222	-0.170
38.711	3.257	-2.471	3.257	-2.321	0.224	-0.168
38.813	3.232	-2.466	3.231	-2.315	0.226	-0.157
38.916	3.207	-2.461	3.209	-2.310	0.228	-0.153
39.020	3.182	-2.455	3.188	-2.304	0.231	-0.148
39.122	3.157	-2.448	3.166	-2.298	0.233	-0.146
39.224	3.133	-2.442	3.144	-2.291	0.235	-0.144
39.327	3.107	-2.434	3.122	-2.285	0.238	-0.142
39.429	3.082	-2.427	3.100	-2.278	0.240	-0.139
39.532	3.057	-2.419	3.078	-2.270	0.243	-0.137
39.634	3.031	-2.411	3.055	-2.262	0.245	-0.134
39.737	3.005	-2.402	3.033	-2.254	0.248	-0.131
39.840	2.980	-2.393	3.010	-2.246	0.251	-0.128
39.943	2.953	-2.383	2.987	-2.237	0.253	-0.125
40.046	2.927	-2.373	2.959	-2.227	0.255	-0.114
40.150	2.901	-2.363	2.936	-2.217	0.258	-0.112
40.253	2.874	-2.352	2.913	-2.207	0.261	-0.110
40.357	2.848	-2.341	2.889	-2.198	0.264	-0.111
40.460	2.821	-2.329	2.866	-2.188	0.267	-0.111
40.563	2.794	-2.317	2.842	-2.177	0.269	-0.112
40.666	2.767	-2.305	2.818	-2.166	0.272	-0.111
40.769	2.740	-2.292	2.789	-2.153	0.274	-0.101
40.873	2.713	-2.279	2.765	-2.141	0.277	-0.099
